481
481
487
487
487
487
487
481
481
481
481
481
483
483
483
483
483
483
483
483
483
483
483
486
486
486
486
486
480
480
480
480
480
480
479
479
479
479
479
481
481
481
481
481
475
475
475
475
475
475
481
481
481
481
481
481
481
481
481
481
481
481
481
481
481
481
474
474
474
474
474
483
483
483
483
483
477
477
477
477
477
477
478
478
478
478
478
473
473
473
473
473
473
473
473
473
473
473
476
476
476
476
476
480
480
480
480
480
480
480
480
480
480
480
477
477
477
477
477
481
481
481
481
481
482
482
482
482
482
482
481
481
481
481
481
489
489
489
489
489
481
481
481
481
481
481
484
484
484
484
484
480
480
480
480
480
470
470
470
470
470
470
488
488
488
488
488
479
479
479
479
479
487
487
487
487
487
487
482
482
482
482
482
484
484
484
484
484
477
477
477
477
477
477
483
483
483
483
483
474
474
474
474
474
482
482
482
482
482
482
486
486
486
486
486
482
482
482
482
482
487
487
487
487
487
487
476
476
476
476
476
477
477
477
477
477
475
475
475
475
475
475
471
471
471
471
471
481
481
481
481
481
480
480
480
480
480
480
478
478
478
478
478
480
480
480
480
480
480
480
480
480
480
480
479
479
479
479
479
476
476
476
476
476
472
472
472
472
472
472
475
475
475
475
475
487
487
487
487
487
475
475
475
475
475
475
473
473
473
473
473
477
477
477
477
477
474
474
474
474
474
474
492
492
492
492
492
473
473
473
473
473
481
481
481
481
481
481
481
481
481
481
481
482
482
482
482
482
485
485
485
485
485
485
485
485
485
485
485
488
488
488
488
488
473
473
473
473
473
473
474
474
474
474
474
477
477
477
477
477
481
481
481
481
481
481
479
479
479
479
479
479
479
479
479
479
480
480
480
480
480
480
480
480
480
480
480
476
476
476
476
476
471
471
471
471
471
471
478
478
478
478
478
488
488
488
488
488
482
482
482
482
482
482
473
473
473
473
473
478
478
478
478
478
470
470
470
470
470
470
466
466
466
466
466
484
484
484
484
484
475
475
475
475
475
475
475
475
475
475
475
469
469
469
469
469
475
475
475
475
475
475
478
478
478
478
478
479
479
479
479
479
480
480
480
480
480
480
483
483
483
483
483
471
471
471
471
471
483
483
483
483
483
483
484
484
484
484
484
482
482
482
482
482
490
490
490
490
490
490
483
483
483
483
483
467
467
467
467
467
474
474
474
474
474
474
479
479
479
479
479
487
487
487
487
487
477
477
477
477
477
477
474
474
474
474
474
479
479
479
479
479
475
475
475
475
475
475
476
476
476
476
476
481
481
481
481
481
482
482
482
482
482
482
470
470
470
470
470
481
481
481
481
481
475
475
475
475
475
475
472
472
472
472
472
482
482
482
482
482
484
484
484
484
484
484
475
475
475
475
475
488
488
488
488
488
479
479
479
479
479
479
476
476
476
476
476
481
481
481
481
481
486
486
486
486
486
486
485
485
485
485
485
480
480
480
480
480
476
476
476
476
476
476
478
478
478
478
478
475
475
475
475
475
486
486
486
486
486
486
477
477
477
477
477
476
476
476
476
476
482
482
482
482
482
482
479
479
479
479
479
486
486
486
486
486
482
482
482
482
482
482
479
479
479
479
479
484
484
484
484
484
473
473
473
473
473
473
481
481
481
481
481
480
480
480
480
480
483
483
483
483
483
483
475
475
475
475
475
479
479
479
479
479
470
470
470
470
470
470
469
469
469
469
469
479
479
479
479
479
479
479
479
479
479
479
471
471
471
471
471
477
477
477
477
477
473
473
473
473
473
473
475
475
475
475
475
489
489
489
489
489
487
487
487
487
487
487
472
472
472
472
472
480
480
480
480
480
459
459
459
459
459
459
479
479
479
479
479
480
480
480
480
480
477
477
477
477
477
477
479
479
479
479
479
457
457
457
457
457
477
477
477
477
477
477
473
473
473
473
473
479
479
479
479
479
483
483
483
483
483
483
481
481
481
481
481
476
476
476
476
476
474
474
474
474
474
474
480
480
480
480
480
475
475
475
475
475
476
476
476
476
476
476
479
479
479
479
479
467
467
467
467
467
473
473
473
473
476
476
476
476
476
479
479
479
479
479
476
476
476
476
476
476
477
477
477
477
477
482
482
482
482
482
468
468
468
468
468
468
473
473
473
473
473
482
482
482
482
482
479
479
479
479
479
479
476
476
476
476
476
476
476
476
476
476
478
478
478
478
478
478
480
480
480
480
480
486
486
486
486
486
463
463
463
463
463
463
477
477
477
477
477
479
479
479
479
479
478
478
478
478
478
478
474
474
474
474
474
468
468
468
468
468
496
496
496
496
496
496
481
481
481
481
481
474
474
474
474
474
471
471
471
471
471
471
472
472
472
472
472
473
473
473
473
473
478
478
478
478
478
478
467
467
467
467
467
479
479
479
479
479
475
475
475
475
475
475
484
484
484
484
484
482
482
482
482
482
468
468
468
468
468
468
471
471
471
471
471
478
478
478
478
478
471
471
471
471
471
471
473
473
473
473
473
473
473
473
473
473
471
471
471
471
471
471
472
472
472
472
472
477
477
477
477
477
478
478
478
478
478
478
475
475
475
475
475
483
483
483
483
483
479
479
479
479
479
479
478
478
478
478
478
478
478
478
478
478
464
464
464
464
464
464
470
470
470
470
470
477
477
477
477
477
490
490
490
490
490
490
475
475
475
475
475
463
463
463
463
463
479
479
479
479
479
479
486
486
486
486
486
464
464
464
464
464
485
485
485
485
485
485
468
468
468
468
468
472
472
472
472
472
473
473
473
473
473
473
474
474
474
474
474
472
472
472
472
472
480
480
480
480
480
480
472
472
472
472
472
488
488
488
488
488
469
469
469
469
469
469
474
474
474
474
474
468
468
468
468
468
471
471
471
471
471
471
473
473
473
473
473
477
477
477
477
477
468
468
468
468
468
468
480
480
480
480
480
480
480
480
480
480
482
482
482
482
482
482
479
479
479
479
479
468
468
468
468
468
479
479
479
479
479
479
476
476
476
476
476
480
480
480
480
480
477
477
477
477
477
477
478
478
478
478
478
486
486
486
486
486
480
480
480
480
480
480
486
486
486
486
486
488
488
488
488
488
482
482
482
482
482
482
482
482
482
482
482
469
469
469
469
469
474
474
474
474
474
474
476
476
476
476
476
476
476
476
476
476
483
483
483
483
483
483
469
469
469
469
469
470
470
470
470
470
479
479
479
479
479
479
478
478
478
478
478
472
472
472
472
472
473
473
473
473
473
473
483
483
483
483
483
476
476
476
476
476
465
465
465
465
465
465
481
481
481
481
481
489
489
489
489
489
477
477
477
477
477
477
481
481
481
481
481
475
475
475
475
475
474
474
474
474
474
474
474
474
474
474
474
477
477
477
477
477
476
476
476
476
476
476
474
474
474
474
474
468
468
468
468
468
472
472
472
472
472
472
473
473
473
473
473
472
472
472
472
472
470
470
470
470
470
470
464
464
464
464
464
466
466
466
466
466
471
471
471
471
471
471
467
467
467
467
467
465
465
465
465
465
480
480
480
480
480
480
478
478
478
478
478
483
483
483
483
483
484
484
484
484
484
484
475
475
475
475
475
474
474
474
474
474
467
467
467
467
467
467
472
472
472
472
472
478
478
478
478
478
471
471
471
471
471
471
478
478
478
478
478
474
474
474
474
474
475
475
475
475
475
475
481
481
481
481
481
476
476
476
476
476
469
469
469
469
469
469
481
481
481
481
481
470
470
470
470
470
490
490
490
490
490
490
478
478
478
478
478
483
483
483
483
483
484
484
484
484
484
484
478
478
478
478
478
463
463
463
463
463
466
466
466
466
466
466
466
466
466
466
466
486
486
486
486
486
466
466
466
466
466
466
478
478
478
478
478
468
468
468
468
468
482
482
482
482
482
482
482
482
482
482
482
468
468
468
468
468
484
484
484
484
484
484
471
471
471
471
471
480
480
480
480
480
476
476
476
476
476
476
480
480
480
480
480
474
474
474
474
474
476
476
476
476
476
476
478
478
478
478
478
473
473
473
473
473
478
478
478
478
478
478
475
475
475
475
475
477
477
477
477
477
476
476
476
476
476
476
473
473
473
473
473
477
477
477
477
477
475
475
475
475
475
475
485
485
485
485
485
473
473
473
473
473
475
475
475
475
475
475
475
475
475
475
475
473
473
473
473
473
483
483
483
483
483
483
470
470
470
470
470
479
479
479
479
479
476
476
476
476
476
476
473
473
473
473
473
481
481
481
481
481
479
479
479
479
479
479
471
471
471
471
471
469
469
469
469
469
479
479
479
479
479
479
473
473
473
473
473
473
473
473
473
473
477
477
477
477
477
477
473
473
473
473
473
468
468
468
468
468
479
479
479
479
479
479
476
476
476
476
476
473
473
473
473
473
472
472
472
472
472
472
475
475
475
475
475
475
475
475
475
475
470
470
470
470
470
470
480
480
480
480
480
475
475
475
475
475
480
480
480
480
480
480
474
474
474
474
474
477
477
477
477
477
470
470
470
470
470
470
469
469
469
469
469
469
469
469
469
469
477
477
477
477
477
477
475
475
475
475
475
477
477
477
477
477
474
474
474
474
474
474
475
475
475
475
475
472
472
472
472
472
472
472
472
472
472
472
473
473
473
473
473
469
469
469
469
469
471
471
471
471
471
471
475
475
475
475
475
472
472
472
472
472
481
481
481
481
481
481
473
473
473
473
473
473
473
473
473
473
466
466
466
466
466
466
475
475
475
475
475
469
469
469
469
469
474
474
474
474
474
474
474
474
474
474
474
479
479
479
479
479
471
471
471
471
471
471
473
473
473
473
473
475
475
475
475
475
475
475
475
475
475
475
474
474
474
474
474
468
468
468
468
468
470
470
470
470
470
470
472
472
472
472
472
478
478
478
478
478
473
473
473
473
473
473
466
466
466
466
466
476
476
476
476
476
483
483
483
483
483
483
471
471
471
471
471
473
473
473
473
473
473
473
473
473
473
473
474
474
474
474
474
474
474
474
474
474
473
473
473
473
473
473
473
473
473
473
473
473
473
473
473
473
469
469
469
469
469
469
473
473
473
473
473
471
471
471
471
471
481
481
481
481
481
481
472
472
472
472
472
471
471
471
471
471
481
481
481
481
481
481
475
475
475
475
475
470
470
470
470
470
471
471
471
471
471
471
481
481
481
481
481
471
471
471
471
471
480
480
480
480
480
480
469
469
469
469
469
471
471
471
471
471
475
475
475
475
475
475
479
479
479
479
479
472
472
472
472
472
474
474
474
474
474
474
475
475
475
475
475
472
472
472
472
472
472
472
472
472
472
472
475
475
475
475
475
474
474
474
474
474
484
484
484
484
484
484
470
470
470
470
470
475
475
475
475
475
471
471
471
471
471
471
470
470
470
470
470
473
473
473
473
473
474
474
474
474
474
474
465
465
465
465
465
475
475
475
475
475
477
477
477
477
477
477
473
473
473
473
473
471
471
471
471
471
476
476
476
476
476
476
473
473
473
473
473
470
470
470
470
470
471
471
471
471
471
471
473
473
473
473
473
474
474
474
474
474
476
476
476
476
476
476
474
474
474
474
474
476
476
476
476
476
472
472
472
472
472
472
474
474
474
474
474
470
470
470
470
470
473
473
473
473
473
473
473
473
473
473
473
474
474
474
474
474
474
474
474
474
474
474
474
474
474
474
474
477
477
477
477
477
464
464
464
464
464
464
473
473
473
473
473
470
470
470
470
470
471
471
471
471
471
471
475
475
475
475
475
478
478
478
478
478
475
475
475
475
475
475
476
476
476
476
476
472
472
472
472
472
485
485
485
485
485
485
472
472
472
472
472
472
472
472
472
472
477
477
477
477
477
477
472
472
472
472
472
474
474
474
474
474
468
468
468
468
468
468
473
473
473
473
473
475
475
475
475
475
472
472
472
472
472
472
475
475
475
475
475
464
464
464
464
464
474
474
474
474
474
474
467
467
467
467
467
470
470
470
470
470
485
485
485
485
485
485
477
477
477
477
477
482
482
482
482
482
470
470
470
470
470
470
477
477
477
477
477
468
468
468
468
468
472
472
472
472
472
472
475
475
475
475
475
475
475
475
475
475
480
480
480
480
480
480
468
468
468
468
468
480
480
480
480
480
471
471
471
471
471
471
477
477
477
477
477
473
473
473
473
473
470
470
470
470
470
470
469
469
469
469
469
472
472
472
472
472
469
469
469
469
469
469
478
478
478
478
478
477
477
477
477
477
479
479
479
479
479
479
466
466
466
466
466
475
475
475
475
475
468
468
468
468
468
468
472
472
472
472
472
471
471
471
471
471
474
474
474
474
474
474
472
472
472
472
472
474
474
474
474
474
479
479
479
479
479
479
473
473
473
473
473
468
468
468
468
468
474
474
474
474
474
474
468
468
468
468
468
467
467
467
467
467
474
474
474
474
474
474
470
470
470
470
470
471
471
471
471
471
465
465
465
465
465
465
472
472
472
472
472
471
471
471
471
471
470
470
470
470
470
470
470
470
470
470
470
468
468
468
468
468
466
466
466
466
466
466
472
472
472
472
472
473
473
473
473
473
472
472
472
472
472
472
469
469
469
469
469
473
473
473
473
473
472
472
472
472
472
472
470
470
470
470
470
472
472
472
472
472
476
476
476
476
476
476
469
469
469
469
469
478
478
478
478
478
460
460
460
460
460
460
470
470
470
470
470
479
479
479
479
479
472
472
472
472
472
472
482
482
482
482
482
478
478
478
478
478
472
472
472
472
472
472
472
472
472
472
472
473
473
473
473
473
469
469
469
469
469
469
470
470
470
470
470
474
474
474
474
474
471
471
471
471
471
471
463
463
463
463
463
465
465
465
465
465
475
475
475
475
475
475
472
472
472
472
472
466
466
466
466
466
468
468
468
468
468
468
472
472
472
472
472
463
463
463
463
463
466
466
466
466
466
466
467
467
467
467
467
479
479
479
479
479
466
466
466
466
466
466
458
458
458
458
458
464
464
464
464
464
461
461
461
461
461
461
477
477
477
477
477
452
452
452
452
452
463
463
463
463
463
463
466
466
466
466
466
455
455
455
455
455
454
454
454
454
454
454
452
452
452
452
452
447
447
447
447
447
449
449
449
449
449
449
462
462
462
462
462
470
470
470
470
470
454
454
454
454
454
454
466
466
466
466
466
452
452
452
452
452
460
460
460
460
460
460
460
460
460
460
460
461
461
461
461
461
466
466
466
466
466
466
477
477
477
477
477
494
494
494
494
494
528
528
528
528
528
528
558
558
558
558
558
577
577
577
577
577
608
608
608
608
608
608
599
599
599
599
599
603
603
603
603
603
586
586
586
586
586
586
555
555
555
555
555
515
515
515
515
515
476
476
476
476
476
476
420
420
420
420
420
364
364
364
364
364
316
316
316
316
316
316
280
280
280
280
280
261
261
261
261
261
266
266
266
266
266
266
290
290
290
290
290
323
323
323
323
323
400
400
400
400
400
400
461
461
461
461
461
530
530
530
530
530
571
571
571
571
571
571
610
610
610
610
610
641
641
641
641
641
647
647
647
647
647
647
639
639
639
639
639
613
613
613
613
613
578
578
578
578
578
578
552
552
552
552
552
488
488
488
488
488
417
417
417
417
417
417
360
360
360
360
360
324
324
324
324
324
301
301
301
301
301
301
330
330
330
330
330
387
387
387
387
387
461
461
461
461
461
461
534
534
534
534
534
583
583
583
583
583
597
597
597
597
597
597
582
582
582
582
582
538
538
538
538
538
492
492
492
492
492
492
441
441
441
441
441
408
408
408
408
408
415
415
415
415
415
415
437
437
437
437
437
478
478
478
478
478
520
520
520
520
520
520
559
559
559
559
559
591
591
591
591
591
609
609
609
609
609
609
581
581
581
581
581
544
544
544
544
544
518
518
518
518
518
518
464
464
464
464
464
417
417
417
417
417
365
365
365
365
365
365
306
306
306
306
306
271
271
271
271
271
257
257
257
257
257
257
223
223
223
223
223
226
226
226
226
226
227
227
227
227
227
227
278
278
278
278
278
357
357
357
357
357
492
492
492
492
492
492
643
643
643
643
643
821
821
821
821
821
964
964
964
964
964
964
1111
1111
1111
1111
1111
1208
1208
1208
1208
1208
1309
1309
1309
1309
1309
1309
1293
1293
1293
1293
1293
1176
1176
1176
1176
1176
1075
1075
1075
1075
1075
1075
938
938
938
938
938
802
802
802
802
802
631
631
631
631
631
631
512
512
512
512
512
424
424
424
424
424
377
377
377
377
377
377
357
357
357
357
357
354
354
354
354
354
337
337
337
337
337
337
276
276
276
276
276
200
200
200
200
200
147
147
147
147
147
147
94
94
94
94
94
59
59
59
59
59
35
35
35
35
35
35
27
27
27
27
27
49
49
49
49
49
70
70
70
70
70
70
114
114
114
114
114
174
174
174
174
174
233
233
233
233
233
233
282
282
282
282
282
314
314
314
314
314
343
343
343
343
343
343
382
382
382
382
382
476
476
476
476
476
575
575
575
575
575
575
708
708
708
708
708
797
797
797
797
797
866
866
866
866
866
866
922
922
922
922
922
957
957
957
957
957
992
992
992
992
992
992
973
973
973
973
973
981
981
981
981
981
970
970
970
970
970
970
974
974
974
974
974
955
955
955
955
955
908
908
908
908
908
908
821
821
821
821
821
712
712
712
712
712
594
594
594
594
594
594
502
502
502
502
502
451
451
451
451
451
422
422
422
422
422
422
421
421
421
421
421
431
431
431
431
431
452
452
452
452
452
452
459
459
459
459
459
485
485
485
485
485
501
501
501
501
501
501
496
496
496
496
496
464
464
464
464
464
426
426
426
426
426
426
366
366
366
366
366
303
303
303
303
303
231
231
231
231
231
231
183
183
183
183
183
115
115
115
115
115
63
63
63
63
63
63
23
23
23
23
23
8
8
8
8
8
0
0
0
0
0
0
23
23
23
23
23
69
69
69
69
69
183
183
183
183
183
183
361
361
361
361
361
573
573
573
573
573
759
759
759
759
759
759
903
903
903
903
903
961
961
961
961
961
941
941
941
941
941
941
875
875
875
875
875
763
763
763
763
763
654
654
654
654
654
654
560
560
560
560
560
486
486
486
486
486
449
449
449
449
449
449
408
408
408
408
408
409
409
409
409
409
413
413
413
413
413
413
424
424
424
424
424
450
450
450
450
450
463
463
463
463
463
463
502
502
502
502
502
536
536
536
536
536
565
565
565
565
565
565
618
618
618
618
618
612
612
612
612
612
622
622
622
622
622
622
617
617
617
617
617
606
606
606
606
606
594
594
594
594
594
594
580
580
580
580
580
571
571
571
571
571
566
566
566
566
566
566
583
583
583
583
583
585
585
585
585
585
593
593
593
593
593
593
568
568
568
568
568
539
539
539
539
539
498
498
498
498
498
498
450
450
450
450
450
415
415
415
415
415
368
368
368
368
368
368
310
310
310
310
310
239
239
239
239
239
182
182
182
182
182
182
146
146
146
146
146
141
141
141
141
141
150
150
150
150
150
150
183
183
183
183
183
220
220
220
220
220
275
275
275
275
275
275
309
309
309
309
344
344
344
344
344
345
345
345
345
345
345
358
358
358
358
358
344
344
344
344
344
373
373
373
373
373
373
400
400
400
400
400
443
443
443
443
443
513
513
513
513
513
513
575
575
575
575
575
621
621
621
621
621
646
646
646
646
646
646
653
653
653
653
653
640
640
640
640
640
604
604
604
604
604
604
607
607
607
607
607
603
603
603
603
603
619
619
619
619
619
619
617
617
617
617
617
617
617
617
617
617
603
603
603
603
603
603
567
567
567
567
567
545
545
545
545
545
503
503
503
503
503
503
502
502
502
502
502
497
497
497
497
497
493
493
493
493
493
493
489
489
489
489
489
482
482
482
482
482
446
446
446
446
446
446
409
409
409
409
409
357
357
357
357
357
307
307
307
307
307
307
272
272
272
272
272
263
263
263
263
263
276
276
276
276
276
276
298
298
298
298
298
348
348
348
348
348
396
396
396
396
396
396
420
420
420
420
420
440
440
440
440
440
455
455
455
455
455
455
483
483
483
483
483
505
505
505
505
505
530
530
530
530
530
530
564
564
564
564
564
598
598
598
598
598
610
610
610
610
610
610
619
619
619
619
619
611
611
611
611
611
601
601
601
601
601
601
588
588
588
588
588
569
569
569
569
569
574
574
574
574
574
574
614
614
614
614
614
660
660
660
660
660
705
705
705
705
705
705
725
725
725
725
725
698
698
698
698
698
636
636
636
636
636
636
552
552
552
552
552
476
476
476
476
476
408
408
408
408
408
408
353
353
353
353
353
332
332
332
332
332
349
349
349
349
349
349
372
372
372
372
372
393
393
393
393
393
382
382
382
382
382
382
371
371
371
371
371
343
343
343
343
343
322
322
322
322
322
322
292
292
292
292
292
294
294
294
294
294
301
301
301
301
301
301
346
346
346
346
346
386
386
386
386
386
419
419
419
419
419
419
418
418
418
418
418
422
422
422
422
422
414
414
414
414
414
414
408
408
408
408
408
409
409
409
409
409
410
410
410
410
410
410
448
448
448
448
448
494
494
494
494
494
558
558
558
558
558
558
600
600
600
600
600
633
633
633
633
633
616
616
616
616
616
616
610
610
610
610
610
581
581
581
581
581
552
552
552
552
552
552
524
524
524
524
524
523
523
523
523
523
545
545
545
545
545
545
582
582
582
582
582
624
624
624
624
624
667
667
667
667
667
667
682
682
682
682
682
642
642
642
642
642
616
616
616
616
616
616
555
555
555
555
555
513
513
513
513
513
465
465
465
465
465
465
427
427
427
427
427
423
423
423
423
423
435
435
435
435
435
435
434
434
434
434
434
445
445
445
445
445
458
458
458
458
458
458
458
458
458
458
458
464
464
464
464
464
459
459
459
459
459
459
435
435
435
435
435
421
421
421
421
421
422
422
422
422
422
422
418
418
418
418
418
401
401
401
401
401
392
392
392
392
392
392
398
398
398
398
398
383
383
383
383
383
370
370
370
370
370
370
380
380
380
380
380
395
395
395
395
395
402
402
402
402
402
402
413
413
413
413
413
435
435
435
435
435
471
471
471
471
471
471
503
503
503
503
503
523
523
523
523
523
537
537
537
537
537
537
534
534
534
534
534
510
510
510
510
510
498
498
498
498
498
498
470
470
470
470
470
445
445
445
445
445
412
412
412
412
412
412
422
422
422
422
422
439
439
439
439
439
482
482
482
482
482
482
524
524
524
524