397
396
396
396
396
396
396
408
408
408
408
408
400
400
400
400
400
406
406
406
406
406
406
394
394
394
394
394
372
372
372
372
372
395
395
395
395
395
395
392
392
392
392
392
393
393
393
393
393
388
388
388
388
388
388
422
422
422
422
422
398
398
398
398
398
394
394
394
394
394
394
403
403
403
403
403
401
401
401
401
401
410
410
410
410
410
410
385
385
385
385
385
409
409
409
409
409
389
389
389
389
389
389
385
385
385
385
385
409
409
409
409
409
389
389
389
389
389
389
401
401
401
401
401
423
423
423
423
423
410
410
410
410
410
410
390
390
390
390
390
403
403
403
403
403
396
396
396
396
396
396
401
401
401
401
401
399
399
399
399
399
391
391
391
391
391
391
401
401
401
401
401
402
402
402
402
402
426
426
426
426
426
426
395
395
395
395
395
403
403
403
403
403
422
422
422
422
422
422
411
411
411
411
411
403
403
403
403
403
392
392
392
392
392
392
386
386
386
386
386
419
419
419
419
419
408
408
408
408
408
408
408
408
408
408
408
404
404
404
404
404
399
399
399
399
399
399
404
404
404
404
404
407
407
407
407
407
414
414
414
414
414
414
405
405
405
405
405
414
414
414
414
414
396
396
396
396
396
396
409
409
409
409
409
417
417
417
417
417
404
404
404
404
404
404
409
409
409
409
409
388
388
388
388
388
397
397
397
397
397
397
419
419
419
419
419
403
403
403
403
403
390
390
390
390
390
390
398
398
398
398
398
398
398
398
398
398
380
380
380
380
380
380
390
390
390
390
390
393
393
393
393
393
385
385
385
385
385
385
391
391
391
391
391
389
389
389
389
389
409
409
409
409
409
409
404
404
404
404
404
416
416
416
416
416
399
399
399
399
399
399
410
410
410
410
410
388
388
388
388
388
395
395
395
395
395
395
369
369
369
369
369
393
393
393
393
393
381
381
381
381
381
381
379
379
379
379
379
380
380
380
380
380
374
374
374
374
374
374
394
394
394
394
394
406
406
406
406
406
407
407
407
407
407
407
404
404
404
404
404
437
437
437
437
437
418
418
418
418
418
418
431
431
431
431
431
428
428
428
428
428
446
446
446
446
446
446
432
432
432
432
432
454
454
454
454
454
443
443
443
443
443
443
409
409
409
409
409
388
388
388
388
388
376
376
376
376
376
376
363
363
363
363
363
366
366
366
366
366
348
348
348
348
348
348
356
356
356
356
356
358
358
358
358
358
379
379
379
379
379
379
378
378
378
378
378
401
401
401
401
401
411
411
411
411
411
411
397
397
397
397
397
434
434
434
434
434
430
430
430
430
430
430
422
422
422
422
422
391
391
391
391
391
387
387
387
387
387
387
363
363
363
363
363
361
361
361
361
361
361
361
361
361
361
361
362
362
362
362
362
364
364
364
364
364
360
360
360
360
360
360
370
370
370
370
370
363
363
363
363
363
370
370
370
370
370
370
366
366
366
366
366
384
384
384
384
384
400
400
400
400
400
400
402
402
402
402
402
408
408
408
408
408
425
425
425
425
425
425
414
414
414
414
414
426
426
426
426
426
438
438
438
438
438
438
422
422
422
422
422
419
419
419
419
419
406
406
406
406
406
406
397
397
397
397
397
391
391
391
391
391
395
395
395
395
395
395
387
387
387
387
387
384
384
384
384
384
384
384
384
384
384
384
394
394
394
394
394
386
386
386
386
386
379
379
379
379
379
379
392
392
392
392
392
395
395
395
395
395
401
401
401
401
401
401
422
422
422
422
422
458
458
458
458
458
460
460
460
460
460
460
536
536
536
536
536
622
622
622
622
622
707
707
707
707
707
707
761
761
761
761
761
745
745
745
745
745
675
675
675
675
675
675
514
514
514
514
514
445
445
445
445
445
393
393
393
393
393
393
360
360
360
360
360
344
344
344
344
344
348
348
348
348
348
348
327
327
327
327
327
331
331
331
331
331
334
334
334
334
334
334
369
369
369
369
369
402
402
402
402
402
425
425
425
425
425
425
452
452
452
452
452
503
503
503
503
503
496
496
496
496
496
496
465
465
465
465
465
471
471
471
471
471
406
406
406
406
406
406
396
396
396
396
396
379
379
379
379
379
371
371
371
371
371
371
372
372
372
372
372
355
355
355
355
355
365
365
365
365
365
365
349
349
349
349
349
361
361
361
361
361
356
356
356
356
356
356
365
365
365
365
365
377
377
377
377
377
378
378
378
378
378
378
387
387
387
387
387
433
433
433
433
433
482
482
482
482
482
482
621
621
621
621
621
870
870
870
870
870
1100
1100
1100
1100
1100
1100
1155
1155
1155
1155
1155
1234
1234
1234
1234
1234
1209
1209
1209
1209
1209
1209
1091
1091
1091
1091
1091
967
967
967
967
967
770
770
770
770
770
770
604
604
604
604
604
474
474
474
474
474
464
464
464
464
464
464
409
409
409
409
409
420
420
420
420
420
412
412
412
412
412
412
392
392
392
392
392
399
399
399
399
399
371
371
371
371
371
371
387
387
387
387
387
390
390
390
390
390
386
386
386
386
386
386
393
393
393
393
393
405
405
405
405
405
384
384
384
384
384
384
397
397
397
397
397
385
385
385
385
385
379
379
379
379
379
379
377
377
377
377
377
384
384
384
384
384
382
382
382
382
382
382
365
365
365
365
365
389
389
389
389
389
383
383
383
383
383
383
397
397
397
397
397
387
387
387
387
387
393
393
393
393
393
393
389
389
389
389
389
389
389
389
389
389
378
378
378
378
378
378
370
370
370
370
370
354
354
354
354
354
343
343
343
343
343
343
322
322
322
322
322
316
316
316
316
316
307
307
307
307
307
307
303
303
303
303
303
298
298
298
298
298
305
305
305
305
305
305
331
331
331
331
331
344
344
344
344
344
394
394
394
394
394
394
641
641
641
641
641
1120
1120
1120
1120
1120
1598
1598
1598
1598
1598
1598
1959
1959
1959
1959
1959
2112
2112
2112
2112
2112
2056
2056
2056
2056
2056
2056
1841
1841
1841
1841
1841
1387
1387
1387
1387
1387
846
846
846
846
846
846
442
442
442
442
442
372
372
372
372
372
352
352
352
352
352
352
338
338
338
338
338
347
347
347
347
347
370
370
370
370
370
370
434
434
434
434
434
599
599
599
599
599
928
928
928
928
928
928
1120
1120
1120
1120
1120
1100
1100
1100
1100
1100
855
855
855
855
855
855
473
473
473
473
473
371
371
371
371
371
331
331
331
331
331
331
301
301
301
301
301
294
294
294
294
294
295
295
295
295
295
295
292
292
292
292
292
301
301
301
301
301
312
312
312
312
312
312
338
338
338
338
338
377
377
377
377
377
419
419
419
419
419
419
503
503
503
503
503
547
547
547
547
547
549
549
549
549
549
549
501
501
501
501
501
462
462
462
462
462
435
435
435
435
435
435
408
408
408
408
408
374
374
374
374
374
369
369
369
369
369
369
362
362
362
362
362
355
355
355
355
355
354
354
354
354
354
354
363
363
363
363
363
351
351
351
351
351
356
356
356
356
356
356
361
361
361
361
361
406
406
406
406
406
378
378
378
378
378
417
417
417
417
417
393
393
393
393
393
404
404
404
404
404
404
391
391
391
391
391
375
375
375
375
375
361
361
361
361
361
361
356
356
356
356
356
356
356
356
356
356
355
355
355
355
355
355
347
347
347
347
347
361
361
361
361
361
375
375
375
375
375
375
409
409
409
409
409
416
416
416
416
416
445
445
445
445
445
445
489
489
489
489
489
456
456
456
456
456
467
467
467
467
467
467
434
434
434
434
434
445
445
445
445
445
426
426
426
426
426
426
483
483
483
483
483
531
531
531
531
531
630
630
630
630
630
630
761
761
761
761
761
894
894
894
894
894
956
956
956
956
956
956
932
932
932
932
932
788
788
788
788
788
610
610
610
610
610
610
447
447
447
447
447
411
411
411
411
411
361
361
361
361
361
361
351
351
351
351
351
354
354
354
354
354
342
342
342
342
342
342
334
334
334
334
334
348
348
348
348
348
358
358
358
358
358
358
386
386
386
386
386
389
389
389
389
389
393
393
393
393
393
393
417
417
417
417
417
415
415
415
415
415
391
391
391
391
391
391
384
384
384
384
384
353
353
353
353
353
356
356
356
356
356
356
365
365
365
365
365
349
349
349
349
349
368
368
368
368
368
368
371
371
371
371
371
383
383
383
383
383
408
408
408
408
408
408
432
432
432
432
432
458
458
458
458
458
462
462
462
462
462
462
481
481
481
481
481
443
443
443
443
443
449
449
449
449
449
449
418
418
418
418
418
415
415
415
415
415
386
386
386
386
386
386
397
397
397
397
397
392
392
392
392
392
405
405
405
405
405
405
393
393
393
393
393
423
423
423
423
423
423
423
423
423
423
423
439
439
439
439
439
468
468
468
468
468
487
487
487
487
487
487
482
482
482
482
482
472
472
472
472
472
474
474
474
474
474
474
458
458
458
458
458
443
443
443
443
443
429
429
429
429
429
429
406
406
406
406
406
379
379
379
379
379
397
397
397
397
397
397
393
393
393
393
393
397
397
397
397
397
421
421
421
421
421
421
403
403
403
403
403
414
414
414
414
414
418
418
418
418
418
418
433
433
433
433
433
423
423
423
423
423
404
404
404
404
404
404
400
400
400
400
400
394
394
394
394
394
377
377
377
377
377
377
384
384
384
384
384
383
383
383
383
383
393
393
393
393
393
393
383
383
383
383
383
391
391
391
391
391
393
393
393
393
393
393
395
395
395
395
395
420
420
420
420
420
410
410
410
410
410
410
407
407
407
407
407
405
405
405
405
405
385
385
385
385
385
385
407
407
407
407
407
403
403
403
403
403
417
417
417
417
417
417
415
415
415
415
415
411
411
411
411
411
396
396
396
396
396
396
426
426
426
426
426
423
423
423
423
423
447
447
447
447
447
447
449
449
449
449
449
425
425
425
425
425
430
430
430
430
430
430
407
407
407
407
407
408
408
408
408
408
391
391
391
391
391
391
385
385
385
385
385
402
402
402
402
402
382
382
382
382
382
382
405
405
405
405
405
406
406
406
406
406
398
398
398
398
398
398
403
403
403
403
403
423
423
423
423
423
403
403
403
403
403
403
398
398
398
398
398
404
404
404
404
404
395
395
395
395
395
395
404
404
404
404
404
387
387
387
387
387
387
387
387
387
387
387
393
393
393
393
393
400
400
400
400
400
406
406
406
406
406
406
415
415
415
415
415
425
425
425
425
425
416
416
416
416
416
416
431
431
431
431
431
427
427
427
427
427
426
426
426
426
426
426
400
400
400
400
400
392
392
392
392
392
403
403
403
403
403
403
388
388
388
388
388
410
410
410
410
410
402
402
402
402
402
402
385
385
385
385
385
391
391
391
391
391
389
389
389
389
389
389
399
399
399
399
399
410
410
410
410
410
402
402
402
402
402
402
389
389
389
389
389
399
399
399
399
399
396
396
396
396
396
396
389
389
389
389
389
399
399
399
399
399
400
400
400
400
400
400
405
405
405
405
405
396
396
396
396
396
419
419
419
419
419
419
398
398
398
398
398
409
409
409
409
409
395
395
395
395
395
395
404
404
404
404
404
400
400
400
400
400
386
386
386
386
386
386
392
392
392
392
392
383
383
383
383
383
403
403
403
403
403
403
395
395
395
395
395
415
415
415
415
415
420
420
420
420
420
420
402
402
402
402
402
402
402
402
402
402
403
403
403
403
403
403
406
406
406
406
406
394
394
394
394
394
399
399
399
399
399
399
380
380
380
380
380
381
381
381
381
381
382
382
382
382
382
382
386
386
386
386
386
400
400
400
400
400
405
405
405
405
405
405
428
428
428
428
428
430
430
430
430
430
426
426
426
426
426
426
449
449
449
449
449
416
416
416
416
416
417
417
417
417
417
417
396
396
396
396
396
383
383
383
383
383
379
379
379
379
379
379
393
393
393
393
393
378
378
378
378
378
367
367
367
367
367
367
383
383
383
383
383
401
401
401
401
401
398
398
398
398
398
398
422
422
422
422
422
425
425
425
425
425
434
434
434
434
434
434
413
413
413
413
413
400
400
400
400
400
394
394
394
394
394
394
395
395
395
395
395
392
392
392
392
392
396
396
396
396
396
396
371
371
371
371
371
377
377
377
377
377
373
373
373
373
373
373
396
396
396
396
396
407
407
407
407
407
403
403
403
403
403
403
386
386
386
386
386
390
390
390
390
390
406
406
406
406
406
406
394
394
394
394
394
412
412
412
412
412
408
408
408
408
408
408
431
431
431
431
431
426
426
426
426
426
424
424
424
424
424
424
417
417
417
417
417
433
433
433
433
433
398
398
398
398
398
398
401
401
401
401
401
381
381
381
381
381
388
388
388
388
388
388
389
389
389
389
389
376
376
376
376
376
378
378
378
378
378
378
397
397
397
397
397
406
406
406
406
406
419
419
419
419
419
419
450
450
450
450
450
427
427
427
427
427
427
427
427
427
427
427
430
430
430
430
430
412
412
412
412
412
403
403
403
403
403
403
405
405
405
405
405
389
389
389
389
389
394
394
394
394
394
394
388
388
388
388
388
389
389
389
389
389
397
397
397
397
397
397
415
415
415
415
415
425
425
425
425
425
426
426
426
426
426
426
425
425
425
425
425
418
418
418
418
418
422
422
422
422
422
422
402
402
402
402
402
397
397
397
397
397
388
388
388
388
388
388
396
396
396
396
396
367
367
367
367
367
389
389
389
389
389
389
410
410
410
410
410
398
398
398
398
398
389
389
389
389
389
389
385
385
385
385
385
380
380
380
380
380
392
392
392
392
392
392
387
387
387
387
387
378
378
378
378
378
372
372
372
372
372
372
373
373
373
373
373
390
390
390
390
390
397
397
397
397
397
397
408
408
408
408
408
421
421
421
421
421
422
422
422
422
422
422
435
435
435
435
435
405
405
405
405
405
401
401
401
401
401
401
397
397
397
397
397
385
385
385
385
385
367
367
367
367
367
367
369
369
369
369
369
376
376
376
376
376
384
384
384
384
384
384
394
394
394
394
394
418
418
418
418
418
460
460
460
460
460
460
494
494
494
494
494
556
556
556
556
556
491
491
491
491
491
491
489
489
489
489
489
423
423
423
423
423
398
398
398
398
398
398
370
370
370
370
370
356
356
356
356
356
357
357
357
357
357
357
372
372
372
372
372
390
390
390
390
390
410
410
410
410
410
410
431
431
431
431
431
515
515
515
515
515
590
590
590
590
590
590
628
628
628
628
628
569
569
569
569
569
500
500
500
500
500
500
422
422
422
422
422
387
387
387
387
387
370
370
370
370
370
370
341
341
341
341
341
347
347
347
347
347
362
362
362
362
362
362
364
364
364
364
364
384
384
384
384
384
403
403
403
403
403
403
441
441
441
441
441
465
465
465
465
465
503
503
503
503
503
503
451
451
451
451
451
428
428
428
428
428
413
413
413
413
413
413
386
386
386
386
386
360
360
360
360
360
356
356
356
356
356
356
348
348
348
348
348
340
340
340
340
340
354
354
354
354
354
354
365
365
365
365
365
368
368
368
368
368
389
389
389
389
389
389
405
405
405
405
405
406
406
406
406
406
398
398
398
398
398
398
384
384
384
384
384
390
390
390
390
390
359
359
359
359
359
359
362
362
362
362
362
370
370
370
370
370
377
377
377
377
377
377
391
391
391
391
391
417
417
417
417
417
414
414
414
414
414
414
437
437
437
437
437
451
451
451
451
451
447
447
447
447
447
447
444
444
444
444
444
455
455
455
455
455
433
433
433
433
433
433
444
444
444
444
444
452
452
452
452
452
461
461
461
461
461
461
456
456
456
456
456
502
502
502
502
502
529
529
529
529
529
529
580
580
580
580
580
543
543
543
543
543
514
514
514
514
514
514
470
470
470
470
470
443
443
443
443
443
396
396
396
396
396
396
404
404
404
404
404
378
378
378
378
378
379
379
379
379
379
379
381
381
381
381
381
389
389
389
389
389
398
398
398
398
398
398
398
398
398
398
398
413
413
413
413
413
410
410
410
410
410
410
412
412
412
412
412
422
422
422
422
422
422
422
422
422
422
422
407
407
407
407
407
397
397
397
397
397
377
377
377
377
377
377
387
387
387
387
387
372
372
372
372
372
362
362
362
362
362
362
368
368
368
368
368
359
359
359
359
359
359
359
359
359
359
359
368
368
368
368
368
361
361
361
361
361
384
384
384
384
384
384
390
390
390
390
390
391
391
391
391
391
393
393
393
393
393
393
412
412
412
412
412
405
405
405
405
405
412
412
412
412
412
412
395
395
395
395
395
385
385
385
385
385
372
372
372
372
372
372
379
379
379
379
379
392
392
392
392
392
386
386
386
386
386
386
422
422
422
422
422
439
439
439
439
439
491
491
491
491
491
491
517
517
517
517
517
557
557
557
557
557
583
583
583
583
583
583
528
528
528
528
528
495
495
495
495
495
435
435
435
435
435
435
429
429
429
429
429
422
422
422
422
422
396
396
396
396
396
396
401
401
401
401
401
401
401
401
401
401
405
405
405
405
405
405
399
399
399
399
399
415
415
415
415
415
421
421
421
421
421
421
420
420
420
420
420
428
428
428
428
428
417
417
417
417
417
417
422
422
422
422
422
410
410
410
410
410
396
396
396
396
396
396
385
385
385
385
385
372
372
372
372
372
374
374
374
374
374
374
379
379
379
379
379
375
375
375
375
375
385
385
385
385
385
385
376
376
376
376
376
386
386
386
386
386
391
391
391
391
391
391
410
410
410
410
410
414
414
414
414
414
412
412
412
412
412
412
410
410
410
410
410
396
396
396
396
396
384
384
384
384
384
384
375
375
375
375
375
369
369
369
369
369
365
365
365
365
365
365
368
368
368
368
368
362
362
362
362
362
385
385
385
385
385
385
393
393
393
393
393
399
399
399
399
399
406
406
406
406
406
406
412
412
412
412
412
418
418
418
418
418
399
399
399
399
399
399
400
400
400
400
400
388
388
388
388
388
373
373
373
373
373
373
370
370
370
370
370
376
376
376
376
376
382
382
382
382
382
382
397
397
397
397
397
420
420
420
420
420
432
432
432
432
432
432
455
455
455
455
455
467
467
467
467
467
481
481
481
481
481
481
482
482
482
482
482
438
438
438
438
438
423
423
423
423
423
423
394
394
394
394
394
380
380
380
380
380
380
380
380
380
380
380
377
377
377
377
377
379
379
379
379
379
390
390
390
390
390
390
406
406
406
406
406
425
425
425
425
425
447
447
447
447
447
447
475
475
475
475
475
478
478
478
478
478
484
484
484
484
484
484
462
462
462
462
462
423
423
423
423
423
428
428
428
428
428
428
413
413
413
413
413
392
392
392
392
392
391
391
391
391
391
391
382
382
382
382
382
374
374
374
374
374
380
380
380
380
380
380
385
385
385
385
385
384
384
384
384
384
397
397
397
397
397
397
388
388
388
388
388
391
391
391
391
391
390
390
390
390
390
390
392
392
392
392
392
390
390
390
390
390
401
401
401
401
401
401
387
387
387
387
387
390
390
390
390
390
391
391
391
391
391
391
389
389
389
389
389
387
387
387
387
387
386
386
386
386
386
386
378
378
378
378
378
396
396
396
396
396
402
402
402
402
402
402
421
421
421
421
421
445
445
445
445
445
432
432
432
432
432
432
442
442
442
442
442
428
428
428
428
428
409
409
409
409
409
409
402
402
402
402
402
392
392
392
392
392
377
377
377
377
377
377
382
382
382
382
382
383
383
383
383
383
406
406
406
406
406
406
405
405
405
405
405
423
423
423
423
423
436
436
436
436
436
436
433
433
433
433
433
439
439
439
439
439
418
418
418
418
418
418
408
408
408
408
408
396
396
396
396
396
394
394
394
394
394
394
382
382
382
382
382
379
379
379
379
379
388
388
388
388
388
388
393
393
393
393
393
414
414
414
414
414
435
435
435
435
435
435
424
424
424
424
424
425
425
425
425
425
420
420
420
420
420
420
404
404
404
404
404
396
396
396
396
396
396
396
396
396
396
396
388
388
388
388
388
388
388
388
388
388
390
390
390
390
390
390
390
390
390
390
390
406
406
406
406
406
410
410
410
410
410
410
419
419
419
419
419
416
416
416
416
416
415
415
415
415
415
415
410
410
410
410
410
401
401
401
401
401
400
400
400
400
400
400
388
388
388
388
388
394
394
394
394
394
390
390
390
390
390
390
395
395
395
395
395
399
399
399
399
399
396
396
396
396
396
396
407
407
407
407
407
409
409
409
409
409
402
402
402
402
402
402
417
417
417
417
417
407
407
407
407
407
413
413
413
413
413
413
403
403
403
403
403
399
399
399
399
399
390
390
390
390
390
390
397
397
397
397
397
401
401
401
401
401
405
405
405
405
405
405
413
413
413
413
413
413
413
413
413
413
416
416
416
416
416
416
424
424
424
424
424
419
419
419
419
419
415
415
415
415
415
415
421
421
421
421
421
413
413
413
413
413
408
408
408
408
408
408
409
409
409
409
409
401
401
401
401
401
393
393
393
393
393
393
388
388
388
388
388
400
400
400
400
400
395
395
395
395
395
395
393
393
393
393
393
396
396
396
396
396
397
397
397
397
397
397
403
403
403
403
403
419
419
419
419
419
412
412
412
412
412
412
417
417
417
417
417
425
425
425
425
425
424
424
424
424
424
424
420
420
420
420
420
401
401
401
401
401
414
414
414
414
414
414
412
412
412
412
412
398
398
398
398
398
401
401
401
401
401
401
406
406
406
406
406
407
407
407
407
407
407
407
407
407
407
407
406
406
406
406
406
398
398
398
398
398
413
413
413
413
413
413
394
394
394
394
394
384
384
384
384
384
387
387
387
387
387
387
380
380
380
380
380
378
378
378
378
378
363
363
363
363
363
363
393
393
393
393
393
390
390
390
390
390
385
385
385
385
385
385
388
388
388
388
388
408
408
408
408
408
396
396
396
396
396
396
404
404
404
404
404
423
423
423
423
423
404
404
404
404
404
404
411
411
411
411
411
407
407
407
407
407
407
407
407
407
407
407
423
423
423
423
423
422
422
422
422
422
434
434
434
434
434
434
406
406
406
406
406
412
412
412
412
412
415
415
415
415
415
415
391
391
391
391
391
407
407
407
407
407
399
399
399
399
399
399
381
381
381
381
381
378
378
378
378
378
378
378
378
378
378
378
385
385
385
385
385
387
387
387
387
387
397
397
397
397
397
397
394
394
394
394
394
416
416
416
416
416
407
407
407
407
407
407
404
404
404
404
404
423
423
423
423
423
402
402
402
402
402
402
425
425
425
425
425
395
395
395
395
395
410
410
410
410
410
410
399
399
399
399
399
399
399
399
399
399
418
418
418
418
418
418