400
400
400
400
388
388
388
388
388
390
390
390
390
390
390
388
388
388
388
388
393
393
393
393
393
387
387
387
387
387
387
392
392
392
392
392
393
393
393
393
393
396
396
396
396
396
396
382
382
382
382
382
397
397
397
397
397
391
391
391
391
391
391
397
397
397
397
397
391
391
391
391
391
383
383
383
383
383
383
389
389
389
389
389
388
388
388
388
388
389
389
389
389
389
389
392
392
392
392
392
387
387
387
387
387
390
390
390
390
390
390
393
393
393
393
393
387
387
387
387
387
390
390
390
390
390
390
380
380
380
380
380
380
380
380
380
380
385
385
385
385
385
385
387
387
387
387
387
383
383
383
383
383
388
388
388
388
388
388
394
394
394
394
394
383
383
383
383
383
387
387
387
387
387
387
387
387
387
387
387
388
388
388
388
388
388
388
388
388
388
388
396
396
396
396
396
394
394
394
394
394
388
388
388
388
388
388
384
384
384
384
384
386
386
386
386
386
392
392
392
392
392
392
391
391
391
391
391
390
390
390
390
390
390
390
390
390
390
390
391
391
391
391
391
384
384
384
384
384
385
385
385
385
385
385
387
387
387
387
387
391
391
391
391
391
392
392
392
392
392
392
392
392
392
392
392
386
386
386
386
386
389
389
389
389
389
389
396
396
396
396
396
386
386
386
386
386
381
381
381
381
381
381
381
381
381
381
381
400
400
400
400
400
391
391
391
391
391
391
386
386
386
386
386
396
396
396
396
396
384
384
384
384
384
384
392
392
392
392
392
389
389
389
389
389
385
385
385
385
385
385
390
390
390
390
390
382
382
382
382
382
394
394
394
394
394
394
383
383
383
383
383
393
393
393
393
393
391
391
391
391
391
391
383
383
383
383
383
388
388
388
388
388
385
385
385
385
385
385
389
389
389
389
389
395
395
395
395
395
394
394
394
394
394
394
396
396
396
396
396
391
391
391
391
391
388
388
388
388
388
388
387
387
387
387
387
390
390
390
390
390
383
383
383
383
383
383
390
390
390
390
390
378
378
378
378
378
390
390
390
390
390
390
393
393
393
393
393
393
393
393
393
393
387
387
387
387
387
387
390
390
390
390
390
382
382
382
382
382
403
403
403
403
403
403
391
391
391
391
391
389
389
389
389
389
383
383
383
383
383
383
386
386
386
386
386
396
396
396
396
396
388
388
388
388
388
388
391
391
391
391
391
402
402
402
402
402
389
389
389
389
389
389
392
392
392
392
392
393
393
393
393
393
389
389
389
389
389
389
390
390
390
390
390
391
391
391
391
391
386
386
386
386
386
386
394
394
394
394
394
401
401
401
401
401
395
395
395
395
395
395
393
393
393
393
393
381
381
381
381
381
384
384
384
384
384
384
385
385
385
385
385
392
392
392
392
392
387
387
387
387
387
387
388
388
388
388
388
381
381
381
381
381
398
398
398
398
398
398
398
398
398
388
388
388
388
388
388
388
388
388
388
388
387
387
387
387
387
394
394
394
394
394
389
389
389
389
389
389
390
390
390
390
390
397
397
397
397
397
395
395
395
395
395
395
399
399
399
399
399
391
391
391
391
391
387
387
387
387
387
387
387
387
387
387
387
391
391
391
391
391
382
382
382
382
382
382
389
389
389
389
389
387
387
387
387
387
391
391
391
391
391
391
394
394
394
394
394
387
387
387
387
387
395
395
395
395
395
395
387
387
387
387
387
391
391
391
391
391
391
391
391
391
391
391
379
379
379
379
379
387
387
387
387
387
394
394
394
394
394
394
378
378
378
378
378
392
392
392
392
392
395
395
395
395
395
375
375
375
375
375
384
384
384
384
384
383
383
383
383
383
383
394
394
394
394
394
381
381
381
381
381
390
390
390
390
390
390
385
385
385
385
385
384
384
384
384
384
387
387
387
387
387
387
396
396
396
396
396
376
376
376
376
376
383
383
383
383
383
383
384
384
384
384
384
389
389
389
389
389
395
395
395
395
395
395
386
386
386
386
386
389
389
389
389
389
383
383
383
383
383
383
382
382
382
382
382
390
390
390
390
390
392
392
392
392
392
392
386
386
386
386
386
389
389
389
389
389
388
388
388
388
388
388
394
394
394
394
394
388
388
388
388
388
391
391
391
391
391
391
389
389
389
389
389
401
401
401
401
401
389
389
389
389
389
389
387
387
387
387
387
388
388
388
388
388
394
394
394
394
394
394
378
378
378
378
378
400
400
400
400
400
393
393
393
393
393
393
388
388
388
388
388
395
395
395
395
395
398
398
398
398
398
398
384
384
384
384
384
381
381
381
381
381
395
395
395
395
395
395
388
388
388
388
388
385
385
385
385
385
385
385
385
385
385
385
387
387
387
387
387
387
387
387
387
387
397
397
397
397
397
397
399
399
399
399
399
388
388
388
388
388
395
395
395
395
395
395
394
394
394
394
394
395
395
395
395
395
401
401
401
401
401
401
385
385
385
385
385
393
393
393
393
393
395
395
395
395
395
395
396
396
396
396
396
397
397
397
397
397
393
393
393
393
393
393
392
392
392
392
392
394
394
394
394
394
391
391
391
391
391
391
383
383
383
383
383
397
397
397
397
397
390
390
390
390
390
390
395
395
395
395
395
390
390
390
390
390
391
391
391
391
391
391
400
400
400
400
400
390
390
390
390
390
391
391
391
391
391
391
397
397
397
397
397
390
390
390
390
390
401
401
401
401
401
401
391
391
391
391
391
391
391
391
391
391
394
394
394
394
394
394
394
394
394
394
394
380
380
380
380
380
404
404
404
404
404
404
387
387
387
387
387
390
390
390
390
390
391
391
391
391
391
391
389
389
389
389
389
400
400
400
400
400
392
392
392
392
392
392
391
391
391
391
391
393
393
393
393
393
395
395
395
395
395
395
390
390
390
390
390
399
399
399
399
399
385
385
385
385
385
385
397
397
397
397
397
396
396
396
396
396
389
389
389
389
389
389
397
397
397
397
397
395
395
395
395
395
393
393
393
393
393
393
395
395
395
395
395
387
387
387
387
387
400
400
400
400
400
400
399
399
399
399
399
395
395
395
395
395
400
400
400
400
400
400
392
392
392
392
392
389
389
389
389
389
393
393
393
393
393
393
388
388
388
388
388
381
381
381
381
381
376
376
376
376
376
376
380
380
380
380
380
376
376
376
376
376
388
388
388
388
388
388
383
383
383
383
383
386
386
386
386
386
379
379
379
379
379
379
384
384
384
384
384
395
395
395
395
395
384
384
384
384
384
384
383
383
383
383
383
394
394
394
394
394
386
386
386
386
386
386
389
389
389
389
389
384
384
384
384
384
394
394
394
394
394
394
387
387
387
387
387
385
385
385
385
385
387
387
387
387
387
387
391
391
391
391
391
396
396
396
396
396
400
400
400
400
400
400
392
392
392
392
392
394
394
394
394
394
391
391
391
391
391
391
398
398
398
398
398
387
387
387
387
387
396
396
396
396
396
396
394
394
394
394
394
398
398
398
398
398
381
381
381
381
381
381
387
387
387
387
387
389
389
389
389
389
386
386
386
386
386
386
391
391
391
391
391
382
382
382
382
382
392
392
392
392
392
392
387
387
387
387
387
386
386
386
386
386
385
385
385
385
385
385
395
395
395
395
395
386
386
386
386
386
383
383
383
383
383
383
373
373
373
373
373
383
383
383
383
383
388
388
388
388
388
388
379
379
379
379
379
375
375
375
375
375
376
376
376
376
376
376
389
389
389
389
389
381
381
381
381
381
388
388
388
388
388
388
390
390
390
390
390
389
389
389
389
389
391
391
391
391
391
391
390
390
390
390
390
391
391
391
391
391
385
385
385
385
385
385
384
384
384
384
384
377
377
377
377
377
384
384
384
384
384
384
393
393
393
393
393
398
398
398
398
398
398
398
398
398
398
398
395
395
395
395
395
399
399
399
399
399
397
397
397
397
397
397
391
391
391
391
391
389
389
389
389
389
397
397
397
397
397
397
391
391
391
391
391
393
393
393
393
393
390
390
390
390
390
390
392
392
392
392
392
382
382
382
382
382
379
379
379
379
379
379
392
392
392
392
392
395
395
395
395
395
381
381
381
381
381
381
396
396
396
396
396
387
387
387
387
387
393
393
393
393
393
393
392
392
392
392
392
390
390
390
390
390
385
385
385
385
385
385
385
385
385
385
385
385
385
385
385
385
380
380
380
380
380
380
393
393
393
393
393
395
395
395
395
395
390
390
390
390
390
390
385
385
385
385
385
388
388
388
388
388
389
389
389
389
389
389
390
390
390
390
390
388
388
388
388
388
395
395
395
395
395
395
386
386
386
386
386
393
393
393
393
393
391
391
391
391
391
391
394
394
394
394
394
391
391
391
391
391
396
396
396
396
396
396
394
394
394
394
394
411
411
411
411
411
405
405
405
405
405
405
416
416
416
416
416
413
413
413
413
413
415
415
415
415
415
415
403
403
403
403
403
411
411
411
411
411
401
401
401
401
401
401
407
407
407
407
407
392
392
392
392
392
387
387
387
387
387
387
378
378
378
378
378
371
371
371
371
371
368
368
368
368
368
368
368
368
368
368
368
367
367
367
367
367
365
365
365
365
365
365
366
366
366
366
366
373
373
373
373
373
379
379
379
379
379
379
390
390
390
390
390
395
395
395
395
395
380
380
380
380
380
380
372
372
372
372
372
372
372
372
372
372
371
371
371
371
371
371
362
362
362
362
362
357
357
357
357
357
334
334
334
334
334
334
334
334
334
334
334
337
337
337
337
337
344
344
344
344
344
344
360
360
360
360
360
357
357
357
357
357
379
379
379
379
379
379
389
389
389
389
389
402
402
402
402
402
424
424
424
424
424
424
455
455
455
455
455
471
471
471
471
471
484
484
484
484
484
484
499
499
499
499
499
498
498
498
498
498
478
478
478
478
478
478
453
453
453
453
453
421
421
421
421
421
378
378
378
378
378
378
323
323
323
323
323
294
294
294
294
294
263
263
263
263
263
263
249
249
249
249
249
257
257
257
257
257
288
288
288
288
288
288
303
303
303
303
303
334
334
334
334
334
354
354
354
354
354
354
374
374
374
374
374
390
390
390
390
390
380
380
380
380
380
380
368
368
368
368
368
342
342
342
342
342
322
322
322
322
322
322
311
311
311
311
311
284
284
284
284
284
276
276
276
276
276
276
273
273
273
273
273
256
256
256
256
256
263
263
263
263
263
263
252
252
252
252
252
257
257
257
257
257
264
264
264
264
264
264
276
276
276
276
276
290
290
290
290
290
326
326
326
326
326
326
347
347
347
347
347
372
372
372
372
372
395
395
395
395
395
395
415
415
415
415
415
418
418
418
418
418
433
433
433
433
433
433
439
439
439
439
439
422
422
422
422
422
422
422
422
422
422
422
404
404
404
404
404
405
405
405
405
405
394
394
394
394
394
394
386
386
386
386
386
380
380
380
380
380
376
376
376
376
376
376
368
368
368
368
368
364
364
364
364
364
362
362
362
362
362
362
352
352
352
352
352
378
378
378
378
378
388
388
388
388
388
388
413
413
413
413
413
459
459
459
459
459
505
505
505
505
505
505
584
584
584
584
584
655
655
655
655
655
710
710
710
710
710
710
742
742
742
742
742
744
744
744
744
744
700
700
700
700
700
700
634
634
634
634
634
547
547
547
547
547
447
447
447
447
447
447
361
361
361
361
361
295
295
295
295
295
248
248
248
248
248
248
230
230
230
230
230
227
227
227
227
227
250
250
250
250
250
250
272
272
272
272
272
303
303
303
303
303
336
336
336
336
336
336
371
371
371
371
371
396
396
396
396
396
413
413
413
413
413
413
420
420
420
420
420
407
407
407
407
407
394
394
394
394
394
394
376
376
376
376
376
354
354
354
354
354
321
321
321
321
321
321
289
289
289
289
289
265
265
265
265
265
245
245
245
245
245
245
248
248
248
248
248
248
248
248
248
248
257
257
257
257
257
257
277
277
277
277
277
307
307
307
307
307
340
340
340
340
340
340
400
400
400
400
400
455
455
455
455
455
532
532
532
532
532
532
614
614
614
614
614
692
692
692
692
692
772
772
772
772
772
772
845
845
845
845
845
896
896
896
896
896
935
935
935
935
935
935
928
928
928
928
928
933
933
933
933
933
903
903
903
903
903
903
860
860
860
860
860
819
819
819
819
819
766
766
766
766
766
766
702
702
702
702
702
642
642
642
642
642
565
565
565
565
565
565
491
491
491
491
491
447
447
447
447
447
401
401
401
401
401
401
377
377
377
377
377
369
369
369
369
369
362
362
362
362
362
362
355
355
355
355
355
344
344
344
344
344
322
322
322
322
322
322
303
303
303
303
303
267
267
267
267
267
239
239
239
239
239
239
218
218
218
218
218
215
215
215
215
215
214
214
214
214
214
214
241
241
241
241
241
259
259
259
259
259
294
294
294
294
294
294
333
333
333
333
333
360
360
360
360
360
391
391
391
391
391
391
381
381
381
381
381
363
363
363
363
363
328
328
328
328
328
328
273
273
273
273
273
207
207
207
207
207
142
142
142
142
142
142
72
72
72
72
72
40
40
40
40
40
1
1
1
1
1
1
0
0
0
0
0
0
0
0
0
0
5
5
5
5
5
5
50
50
50
50
50
137
137
137
137
137
276
276
276
276
276
276
482
482
482
482
482
699
699
699
699
699
926
926
926
926
926
926
1118
1118
1118
1118
1118
1300
1300
1300
1300
1300
1336
1336
1336
1336
1336
1336
1299
1299
1299
1299
1299
1144
1144
1144
1144
1144
983
983
983
983
983
983
816
816
816
816
816
681
681
681
681
681
567
567
567
567
567
567
539
539
539
539
539
565
565
565
565
565
640
640
640
640
640
640
723
723
723
723
723
828
828
828
828
828
868
868
868
868
868
868
859
859
859
859
859
771
771
771
771
771
627
627
627
627
627
627
426
426
426
426
426
255
255
255
255
255
100
100
100
100
100
100
9
9
9
9
9
0
0
0
0
0
0
0
0
0
0
0
0
0
0
0
0
0
0
0
0
0
0
0
0
0
0
0
21
21
21
21
21
83
83
83
83
83
124
124
124
124
124
124
212
212
212
212
212
282
282
282
282
282
330
330
330
330
330
330
378
378
378
378
378
399
399
399
399
399
415
415
415
415
415
415
398
398
398
398
398
373
373
373
373
373
323
323
323
323
323
323
284
284
284
284
284
247
247
247
247
247
245
245
245
245
245
245
262
262
262
262
262
276
276
276
276
276
331
331
331
331
331
331
380
380
380
380
380
428
428
428
428
428
463
463
463
463
463
463
471
471
471
471
471
452
452
452
452
452
394
394
394
394
394
394
337
337
337
337
337
264
264
264
264
264
209
209
209
209
209
209
159
159
159
159
159
135
135
135
135
135
155
155
155
155
155
155
185
185
185
185
185
239
239
239
239
239
322
322
322
322
322
322
413
413
413
413
413
479
479
479
479
479
510
510
510
510
510
510
508
508
508
508
508
484
484
484
484
484
442
442
442
442
442
442
435
435
435
435
435
430
430
430
430
430
472
472
472
472
472
472
543
543
543
543
543
637
637
637
637
637
725
725
725
725
725
725
804
804
804
804
804
858
858
858
858
858
840
840
840
840
840
840
815
815
815
815
815
737
737
737
737
737
662
662
662
662
662
662
562
562
562
562
562
487
487
487
487
487
399
399
399
399
399
399
357
357
357
357
357
303
303
303
303
303
271
271
271
271
271
271
251
251
251
251
251
249
249
249
249
249
243
243
243
243
243
243
257
257
257
257
257
265
265
265
265
265
292
292
292
292
292
292
309
309
309
309
309
317
317
317
317
317
296
296
296
296
296
296
276
276
276
276
276
226
226
226
226
226
202
202
202
202
202
202
184
184
184
184
184
186
186
186
186
186
198
198
198
198
198
198
240
240
240
240
240
297
297
297
297
297
357
357
357
357
357
357
422
422
422
422
422
482
482
482
482
482
496
496
496
496
496
496
508
508
508
508
508
491
491
491
491
491
465
465
465
465
465
465
434
434
434
434
434
414
414
414
414
414
407
407
407
407
407
407
404
404
404
404
404
415
415
415
415
415
438
438
438
438
438
438
445
445
445
445
445
467
467
467
467
467
498
498
498
498
498
498
509
509
509
509
509
537
537
537
537
537
534
534
534
534
534
534
534
534
534
534
534
524
524
524
524
524
508
508
508
508
508
508
479
479
479
479
479
469
469
469
469
469
449
449
449
449
449
449
438
438
438
438
438
438
438
438
438
438
433
433
433
433
433
433
444
444
444
444
444
451
451
451
451
451
457
457
457
457
457
457
470
470
470
470
470
455
455
455
455
455
441
441
441
441
441
441
414
414
414
414
414
384
384
384
384
384
353
353
353
353
353
353
329
329
329
329
329
316
316
316
316
316
307
307
307
307
307
307
309
309
309
309
309
317
317
317
317
317
326
326
326
326
326
326
347
347
347
347
347
365
365
365
365
365
385
385
385
385
385
385
387
387
387
387
387
397
397
397
397
397
391
391
391
391
391
391
385
385
385
385
385
372
372
372
372
372
363
363
363
363
363
363
357
357
357
357
357
367
367
367
367
367
380
380
380
380
380
380
401
401
401
401
401
427
427
427
427
427
451
451
451
451
451
451
471
471
471
471
471
481
481
481
481
481
473
473
473
473
473
473
471
471
471
471
471
458
458
458
458
458
430
430
430
430
430
430
422
422
422
422
422
411
411
411
411
411
400
400
400
400
400
400
399
399
399
399
399
397
397
397
397
397
399
399
399
399
399
399
405
405
405
405
405
412
412
412
412
412
419
419
419
419
419
419
423
423
423
423
423
423
423
423
423
423
415
415
415
415
415
415
409
409
409
409
409
395
395
395
395
395
383
383
383
383
383
383
366
366
366
366
366
362
362
362
362
362
356
356
356
356
356
356
362
362
362
362
362
367
367
367
367
367
373
373
373
373
373
373
390
390
390
390
390
408
408
408
408
408
425
425
425
425
425
425
434
434
434
434
434
434
434
434
434
434
431
431
431
431
431
431
416
416
416
416
416
400
400
400
400
400
391
391
391
391
391
391
377
377
377
377
377
368
368
368
368
368
366
366
366
366
366
366
365
365
365
365
365
377
377
377
377
377
383
383
383
383
383
383
388
388
388
388
388
392
392
392
392
392
387
387
387
387
387
387
371
371
371
371
371
362
362
362
362
362
354
354
354
354
354
354
340
340
340
340
340
328
328
328
328
328
336
336
336
336
336
336
341
341
341
341
341
351
351
351
351
351
372
372
372
372
372
372
382
382
382
382
382
394
394
394
394
394
401
401
401
401
401
401
400
400
400
400
400
396
396
396
396
396
377
377
377
377
377
377
369
369
369
369
369
365
365
365
365
356
356
356
356
356
356
360
360
360
360
360
373
373
373
373
373
387
387
387
387
387
387
404
404
404
404
404
412
412
412
412
412
408
408
408
408
408
408
411
411
411
411
411
401
401
401
401
401
392
392
392
392
392
392
378
378
378
378
378
363
363
363
363
363
358
358
358
358
358
358
353
353
353
353
353
345
345
345
345
345
359
359
359
359
359
359
371
371
371
371
371
386
386
386
386
386
411
411
411
411
411
411
425
425
425
425
425
435
435
435
435
435
433
433
433
433
433
433
430
430
430
430
430
418
418
418
418
418
390
390
390
390
390
390
360
360
360
360
360
338
338
338
338
338
327
327
327
327
327
327
327
327
327
327
327
340
340
340
340
340
363
363
363
363
363
363
380
380
380
380
380
398
398
398
398
398
416
416
416
416
416
416
422
422
422
422
422
423
423
423
423
423
409
409
409
409
409
409
405
405
405
405
405
376
376
376
376
376
362
362
362
362
362
362
341
341
341
341
341
327
327
327
327
327
317
317
317
317
317
317
319
319
319
319
319
330
330
330
330
330
354
354
354
354
354
354
368
368
368
368
368
384
384
384
384
384
408
408
408
408
408
408
430
430
430
430
430
452
452
452
452
452
464
464
464
464
464
464
463
463
463
463
463
442
442
442
442
442
423
423
423
423
423
423
405
405
405
405
405
388
388
388
388
388
371
371
371
371
371
371
363
363
363
363
363
367
367
367
367
367
367
367
367
367
367
367
391
391
391
391
391
398
398
398
398
398
418
418
418
418
418
418
417
417
417
417
417
428
428
428
428
428
420
420
420
420
420
420
415
415
415
415
415
405
405
405
405
405
386
386
386
386
386
386
383
383
383
383
383
374
374
374
374
374
376
376
376
376
376
376
375
375
375
375
375
386
386
386
386
386
396
396
396
396
396
396
412
412
412
412
412
423
423
423
423
423
436
436
436
436
436
436
443
443
443
443
443
444
444
444
444
444
438
438
438
438
438
438
430
430
430
430
430
419
419
419
419
419
398
398
398
398
398
398
397
397
397
397
397
370
370
370
370
370
359
359
359
359
359
359
354
354
354
354
354
350
350
350
350
350
343
343
343
343
343
343
338
338
338
338
338
342
342
342
342
342
345
345
345
345
345
345
342
342
342
342
342
334
334
334
334
334
336
336
336
336
336
336
347
347
347
347
347
347
347
347
347
347
354
354
354
354
354
354
366
366
366
366
366
366
366
366
366
366
371
371
371
371
371
371
358
358
358
358
358
365
365
365
365
365
361
361
361
361
361
361
368
368
368
368
368
368
368
368
368
368
375
375
375
375
375
375
383
383
383
383
383
398
398
398
398
398
412
412
412
412
412
412
427
427
427
427
427
448
448
448
448
448
446
446
446
446
446
446
446
446
446
446
446
440
440
440
440
440
432
432
432
432
432
432
423
423
423
423
423
394
394
394
394
394
396
396
396
396
396
396
387
387
387
387
387
398
398
398
398
398
413
413
413
413
413
413
424
424
424
424
424
447
447
447
447
447
463
463
463
463
463
463
468
468
468
468
468
472
472
472
472
472
473
473
473
473
473
473
448
448
448
448
448
445
445
445
445
445
434
434
434
434
434
434
413
413
413
413
413
402
402
402
402
402
397
397
397
397
397
397
386
386
386
386
386
390
390
390
390
390
397
397
397
397
397
397
403
403
403
403
403
403
403
403
403
403
405
405
405
405
405
405
396
396
396
396
396
404
404
404
404
404
397
397
397
397
397
397
389
389
389
389
389
373
373
373
373
373
366
366
366
366
366
366
348
348
348
348
348
332
332
332
332
332
331
331
331
331
331
331
319
319
319
319
319
315
315
315
315
315
313
313
313
313
313
313
309
309
309
309
309
294
294
294
294
294
309
309
309
309
309
309
292
292
292
292
292
295
295
295
295
295
281
281
281
281
281
281
274
274
274
274
274
265
265