414
414
414
414
398
398
398
398
398
398
400
400
400
400
400
411
411
411
411
411
405
405
405
405
405
405
400
400
400
400
400
406
406
406
406
406
401
401
401
401
401
401
398
398
398
398
398
400
400
400
400
400
406
406
406
406
406
406
407
407
407
407
407
410
410
410
410
410
402
402
402
402
402
402
410
410
410
410
410
404
404
404
404
404
389
389
389
389
389
389
404
404
404
404
404
412
412
412
412
412
396
396
396
396
396
396
387
387
387
387
387
400
400
400
400
400
409
409
409
409
409
409
385
385
385
385
385
404
404
404
404
404
405
405
405
405
405
405
414
414
414
414
414
411
411
411
411
411
401
401
401
401
401
401
406
406
406
406
406
410
410
410
410
410
395
395
395
395
395
395
405
405
405
405
405
406
406
406
406
406
411
411
411
411
411
411
406
406
406
406
406
403
403
403
403
403
396
396
396
396
396
396
395
395
395
395
395
415
415
415
415
415
399
399
399
399
399
399
411
411
411
411
411
404
404
404
404
404
388
388
388
388
388
388
405
405
405
405
405
401
401
401
401
401
404
404
404
404
404
404
402
402
402
402
402
401
401
401
401
401
408
408
408
408
408
408
401
401
401
401
401
402
402
402
402
402
403
403
403
403
403
403
391
391
391
391
391
394
394
394
394
394
397
397
397
397
397
397
425
425
425
425
425
391
391
391
391
391
403
403
403
403
403
403
391
391
391
391
391
395
395
395
395
395
422
422
422
422
422
422
403
403
403
403
403
405
405
405
405
405
402
402
402
402
402
402
422
422
422
422
422
406
406
406
406
406
412
412
412
412
412
412
404
404
404
404
404
407
407
407
407
407
404
404
404
404
404
404
408
408
408
408
408
386
386
386
386
386
405
405
405
405
405
405
400
400
400
400
400
388
388
388
388
388
399
399
399
399
399
399
400
400
400
400
400
398
398
398
398
398
400
400
400
400
400
400
396
396
396
396
396
393
393
393
393
393
405
405
405
405
405
405
400
400
400
400
400
401
401
401
401
401
399
399
399
399
399
399
396
396
396
396
396
404
404
404
404
404
411
411
411
411
411
411
390
390
390
390
390
402
402
402
402
402
407
407
407
407
407
407
394
394
394
394
394
425
425
425
425
425
413
413
413
413
413
413
399
399
399
399
399
402
402
402
402
402
404
404
404
404
404
404
390
390
390
390
390
407
407
407
407
407
412
412
412
412
412
412
407
407
407
407
407
395
395
395
395
395
397
397
397
397
397
397
414
414
414
414
414
411
411
411
411
411
395
395
395
395
395
395
394
394
394
394
394
409
409
409
409
409
409
409
409
409
409
409
403
403
403
397
397
397
397
397
417
417
417
417
417
417
393
393
393
393
394
394
394
394
394
410
410
410
410
410
407
407
407
407
407
413
413
413
413
413
400
400
400
400
400
400
401
401
401
401
401
399
399
399
399
399
414
414
414
414
414
414
407
407
407
407
407
410
410
410
410
410
416
416
416
416
416
416
391
391
391
391
391
411
411
411
411
411
411
411
411
411
411
411
402
402
402
402
402
405
405
405
405
405
401
401
401
401
401
401
402
402
402
402
402
403
403
403
403
403
405
405
405
405
405
405
411
411
411
411
411
403
403
403
403
403
395
395
395
395
395
395
408
408
408
408
408
397
397
397
397
397
401
401
401
401
401
401
411
411
411
411
411
401
401
401
401
401
407
407
407
407
407
407
412
412
412
412
412
391
391
391
391
391
409
409
409
409
409
409
420
420
420
420
420
397
397
397
397
397
402
402
402
402
402
402
410
410
410
410
410
396
396
396
396
396
401
401
401
401
401
401
400
400
400
400
400
422
422
422
422
422
404
404
404
404
404
404
389
389
389
389
389
403
403
403
403
403
417
417
417
417
417
417
397
397
397
397
397
395
395
395
395
395
407
407
407
407
407
407
403
403
403
403
403
387
387
387
387
387
403
403
403
403
403
403
405
405
405
405
405
398
398
398
398
398
421
421
421
421
421
421
413
413
413
413
413
401
401
401
401
401
402
402
402
402
402
402
391
391
391
391
391
403
403
403
403
403
410
410
410
410
410
410
390
390
390
390
390
402
402
402
402
402
410
410
410
410
410
410
406
406
406
406
406
411
411
411
411
411
395
395
395
395
395
395
408
408
408
408
408
407
407
407
407
407
389
389
389
389
389
389
413
413
413
413
413
413
413
413
413
413
390
390
390
390
390
390
399
399
399
399
399
392
392
392
392
392
413
413
413
413
413
413
402
402
402
402
402
408
408
408
408
408
403
403
403
403
403
403
392
392
392
392
392
407
407
407
407
407
403
403
403
403
403
403
390
390
390
390
390
407
407
407
407
407
404
404
404
404
404
404
396
396
396
396
396
401
401
401
401
401
419
419
419
419
419
419
393
393
393
393
393
412
412
412
412
412
388
388
388
388
388
388
402
402
402
402
402
423
423
423
423
423
402
402
402
402
402
402
406
406
406
406
406
395
395
395
395
395
417
417
417
417
417
417
398
398
398
398
398
400
400
400
400
400
389
389
389
389
389
389
420
420
420
420
420
387
387
387
387
387
395
395
395
395
395
395
406
406
406
406
406
401
401
401
401
401
398
398
398
398
398
398
405
405
405
405
405
396
396
396
396
396
382
382
382
382
382
382
398
398
398
398
398
400
400
400
400
400
427
427
427
427
427
427
398
398
398
398
398
403
403
403
403
403
421
421
421
421
421
421
397
397
397
397
397
405
405
405
405
405
395
395
395
395
395
395
407
407
407
407
407
399
399
399
399
399
388
388
388
388
388
388
425
425
425
425
425
398
398
398
398
398
401
401
401
401
401
401
397
397
397
397
397
402
402
402
402
402
404
404
404
404
404
404
418
418
418
418
418
403
403
403
403
403
405
405
405
405
405
405
404
404
404
404
404
416
416
416
416
416
403
403
403
403
403
403
395
395
395
395
395
418
418
418
418
418
395
395
395
395
395
395
399
399
399
399
399
403
403
403
403
403
404
404
404
404
404
404
395
395
395
395
395
398
398
398
398
398
408
408
408
408
408
408
394
394
394
394
394
418
418
418
418
418
407
407
407
407
407
407
388
388
388
388
388
389
389
389
389
389
399
399
399
399
399
399
402
402
402
402
402
397
397
397
397
397
396
396
396
396
396
396
397
397
397
397
397
417
417
417
417
417
398
398
398
398
398
398
402
402
402
402
402
390
390
390
390
390
390
390
390
390
390
390
401
401
401
401
401
396
396
396
396
396
403
403
403
403
403
403
391
391
391
391
391
395
395
395
395
395
400
400
400
400
400
400
407
407
407
407
407
401
401
401
401
401
400
400
400
400
400
400
413
413
413
413
413
398
398
398
398
398
389
389
389
389
389
389
413
413
413
413
413
404
404
404
404
404
398
398
398
398
398
398
401
401
401
401
401
416
416
416
416
416
397
397
397
397
397
397
394
394
394
394
394
410
410
410
410
410
417
417
417
417
417
417
421
421
421
421
421
437
437
437
437
437
441
441
441
441
441
441
462
462
462
462
462
454
454
454
454
454
469
469
469
469
469
469
424
424
424
424
424
434
434
434
434
434
387
387
387
387
387
387
400
400
400
400
400
369
369
369
369
369
359
359
359
359
359
359
353
353
353
353
353
350
350
350
350
350
340
340
340
340
340
340
352
352
352
352
352
353
353
353
353
353
370
370
370
370
370
370
393
393
393
393
393
410
410
410
410
410
451
451
451
451
451
451
513
513
513
513
513
546
546
546
546
546
581
581
581
581
581
581
545
545
545
545
545
501
501
501
501
501
465
465
465
465
465
465
424
424
424
424
424
401
401
401
401
401
384
384
384
384
384
384
357
357
357
357
357
372
372
372
372
372
352
352
352
352
352
352
352
352
352
352
352
359
359
359
359
359
367
367
367
367
367
367
396
396
396
396
396
427
427
427
427
427
468
468
468
468
468
468
467
467
467
467
467
449
449
449
449
449
459
459
459
459
459
459
443
443
443
443
443
431
431
431
431
431
401
401
401
401
401
401
382
382
382
382
382
370
370
370
370
370
384
384
384
384
384
384
402
402
402
402
402
440
440
440
440
440
476
476
476
476
476
476
496
496
496
496
496
469
469
469
469
469
445
445
445
445
445
445
405
405
405
405
405
383
383
383
383
383
364
364
364
364
364
364
358
358
358
358
358
352
352
352
352
352
348
348
348
348
348
348
345
345
345
345
345
360
360
360
360
360
345
345
345
345
345
345
352
352
352
352
352
353
353
353
353
353
381
381
381
381
381
381
427
427
427
427
427
549
549
549
549
549
828
828
828
828
828
828
1212
1212
1212
1212
1212
1503
1503
1503
1503
1503
1548
1548
1548
1548
1548
1548
1434
1434
1434
1434
1434
1366
1366
1366
1366
1366
1280
1280
1280
1280
1280
1280
1043
1043
1043
1043
1043
719
719
719
719
719
495
495
495
495
495
495
413
413
413
413
413
382
382
382
382
382
364
364
364
364
364
364
355
355
355
355
355
336
336
336
336
336
323
323
323
323
323
323
326
326
326
326
326
324
324
324
324
324
324
324
324
324
324
324
325
325
325
325
325
339
339
339
339
339
342
342
342
342
342
342
334
334
334
334
334
335
335
335
335
335
333
333
333
333
333
333
334
334
334
334
334
331
331
331
331
331
338
338
338
338
338
338
355
355
355
355
355
395
395
395
395
395
407
407
407
407
407
407
422
422
422
422
422
464
464
464
464
464
482
482
482
482
482
482
471
471
471
471
471
464
464
464
464
464
463
463
463
463
463
463
506
506
506
506
506
578
578
578
578
578
731
731
731
731
731
731
900
900
900
900
900
1054
1054
1054
1054
1054
1063
1063
1063
1063
1063
1063
1000
1000
1000
1000
1000
962
962
962
962
962
749
749
749
749
749
749
523
523
523
523
523
418
418
418
418
418
370
370
370
370
370
370
376
376
376
376
376
367
367
367
367
367
375
375
375
375
375
375
381
381
381
381
381
395
395
395
395
395
410
410
410
410
410
410
419
419
419
419
419
414
414
414
414
414
417
417
417
417
417
417
407
407
407
407
407
410
410
410
410
410
398
398
398
398
398
398
395
395
395
395
395
384
384
384
384
384
376
376
376
376
376
376
359
359
359
359
359
352
352
352
352
352
333
333
333
333
333
333
322
322
322
322
322
302
302
302
302
302
305
305
305
305
305
305
298
298
298
298
298
305
305
305
305
305
317
317
317
317
317
317
328
328
328
328
328
374
374
374
374
374
499
499
499
499
499
499
971
971
971
971
971
1389
1389
1389
1389
1389
1662
1662
1662
1662
1662
1662
1675
1675
1675
1675
1675
1434
1434
1434
1434
1434
978
978
978
978
978
978
536
536
536
536
536
396
396
396
396
396
362
362
362
362
362
362
338
338
338
338
338
325
325
325
325
325
327
327
327
327
327
327
330
330
330
330
330
342
342
342
342
342
359
359
359
359
359
359
375
375
375
375
375
411
411
411
411
411
432
432
432
432
432
432
496
496
496
496
496
592
592
592
592
592
705
705
705
705
705
705
647
647
647
647
647
544
544
544
544
544
492
492
492
492
492
492
460
460
460
460
460
455
455
455
455
455
436
436
436
436
436
436
408
408
408
408
408
416
416
416
416
416
411
411
411
411
411
411
413
413
413
413
413
423
423
423
423
423
444
444
444
444
444
444
417
417
417
417
417
388
388
388
388
388
377
377
377
377
377
377
365
365
365
365
365
351
351
351
351
351
348
348
348
348
348
348
346
346
346
346
346
329
329
329
329
329
343
343
343
343
343
343
332
332
332
332
332
334
334
334
334
334
355
355
355
355
355
355
358
358
358
358
358
363
363
363
363
363
376
376
376
376
376
376
378
378
378
378
378
389
389
389
389
389
396
396
396
396
396
396
414
414
414
414
414
402
402
402
402
402
393
393
393
393
393
393
391
391
391
391
391
414
414
414
414
414
433
433
433
433
433
433
459
459
459
459
459
460
460
460
460
460
467
467
467
467
467
467
460
460
460
460
460
453
453
453
453
453
461
461
461
461
461
461
440
440
440
440
440
426
426
426
426
426
405
405
405
405
405
405
394
394
394
394
394
398
398
398
398
398
404
404
404
404
404
404
403
403
403
403
403
392
392
392
392
392
402
402
402
402
402
402
392
392
392
392
392
409
409
409
409
409
394
394
394
394
394
394
392
392
392
392
392
381
381
381
381
381
368
368
368
368
368
368
365
365
365
365
365
355
355
355
355
355
356
356
356
356
356
356
363
363
363
363
363
368
368
368
368
368
363
363
363
363
363
363
376
376
376
376
376
390
390
390
390
390
401
401
401
401
401
401
416
416
416
416
416
426
426
426
426
426
439
439
439
439
439
439
429
429
429
429
429
425
425
425
425
425
447
447
447
447
447
447
456
456
456
456
456
464
464
464
464
464
482
482
482
482
482
482
473
473
473
473
473
467
467
467
467
467
463
463
463
463
463
463
445
445
445
445
445
440
440
440
440
440
433
433
433
433
433
433
442
442
442
442
442
432
432
432
432
432
421
421
421
421
421
421
427
427
427
427
427
426
426
426
426
426
406
406
406
406
406
406
401
401
401
401
401
387
387
387
387
387
375
375
375
375
375
375
375
375
375
375
375
360
360
360
360
360
353
353
353
353
353
353
352
352
352
352
352
347
347
347
347
347
353
353
353
353
353
353
365
365
365
365
365
370
370
370
370
370
376
376
376
376
376
376
396
396
396
396
396
399
399
399
399
399
395
395
395
395
395
395
418
418
418
418
418
397
397
397
397
397
403
403
403
403
403
403
403
403
403
403
403
384
384
384
384
384
383
383
383
383
383
383
379
379
379
379
379
392
392
392
392
392
373
373
373
373
373
373
409
409
409
409
409
440
440
440
440
440
457
457
457
457
457
457
488
488
488
488
488
512
512
512
512
512
512
512
512
512
512
512
493
493
493
493
493
460
460
460
460
460
429
429
429
429
429
429
418
418
418
418
418
407
407
407
407
407
380
380
380
380
380
380
395
395
395
395
395
402
402
402
402
402
404
404
404
404
404
404
434
434
434
434
434
420
420
420
420
420
452
452
452
452
452
452
440
440
440
440
440
403
403
403
403
403
404
404
404
404
404
404
395
395
395
395
395
384
384
384
384
384
376
376
376
376
376
376
375
375
375
375
375
373
373
373
373
373
382
382
382
382
382
382
405
405
405
405
405
397
397
397
397
397
420
420
420
420
420
420
409
409
409
409
409
395
395
395
395
395
391
391
391
391
391
391
401
401
401
401
401
376
376
376
376
376
380
380
380
380
380
380
377
377
377
377
377
374
374
374
374
374
376
376
376
376
376
376
379
379
379
379
379
389
389
389
389
389
399
399
399
399
399
399
386
386
386
386
386
408
408
408
408
408
397
397
397
397
397
397
396
396
396
396
396
394
394
394
394
394
398
398
398
398
398
398
382
382
382
382
382
393
393
393
393
393
407
407
407
407
407
407
406
406
406
406
406
414
414
414
414
414
412
412
412
412
412
412
406
406
406
406
406
394
394
394
394
394
393
393
393
393
393
393
390
390
390
390
390
399
399
399
399
399
392
392
392
392
392
392
421
421
421
421
421
418
418
418
418
418
407
407
407
407
407
407
413
413
413
413
413
420
420
420
420
420
423
423
423
423
423
423
433
433
433
433
433
389
389
389
389
389
378
378
378
378
378
378
396
396
396
396
396
390
390
390
390
390
390
390
390
390
390
390
388
388
388
388
388
379
379
379
379
379
384
384
384
384
384
384
398
398
398
398
398
413
413
413
413
413
406
406
406
406
406
406
424
424
424
424
424
424
424
424
424
424
417
417
417
417
417
417
395
395
395
395
395
405
405
405
405
405
392
392
392
392
392
392
382
382
382
382
382
370
370
370
370
370
383
383
383
383
383
383
373
373
373
373
373
382
382
382
382
382
380
380
380
380
380
380
412
412
412
412
412
397
397
397
397
397
414
414
414
414
414
414
410
410
410
410
410
399
399
399
399
399
413
413
413
413
413
413
395
395
395
395
395
395
395
395
395
395
408
408
408
408
408
408
374
374
374
374
374
389
389
389
389
389
402
402
402
402
402
402
430
430
430
430
430
411
411
411
411
411
419
419
419
419
419
419
404
404
404
404
404
428
428
428
428
428
426
426
426
426
426
426
415
415
415
415
415
400
400
400
400
400
412
412
412
412
412
412
384
384
384
384
384
403
403
403
403
403
381
381
381
381
381
381
388
388
388
388
388
363
363
363
363
363
374
374
374
374
374
374
391
391
391
391
391
378
378
378
378
378
388
388
388
388
388
388
402
402
402
402
402
388
388
388
388
388
396
396
396
396
396
396
403
403
403
403
403
413
413
413
413
413
426
426
426
426
426
426
411
411
411
411
411
417
417
417
417
417
420
420
420
420
420
420
421
421
421
421
421
413
413
413
413
413
402
402
402
402
402
402
392
392
392
392
392
393
393
393
393
393
400
400
400
400
400
400
398
398
398
398
398
397
397
397
397
397
390
390
390
390
390
390
389
389
389
389
389
389
389
389
389
389
402
402
402
402
402
402
403
403
403
403
403
398
398
398
398
398
421
421
421
421
421
421
418
418
418
418
418
434
434
434
434
434
396
396
396
396
396
396
399
399
399
399
399
377
377
377
377
377
369
369
369
369
369
369
362
362
362
362
362
363
363
363
363
363
369
369
369
369
369
369
366
366
366
366
366
388
388
388
388
388
385
385
385
385
385
385
417
417
417
417
417
419
419
419
419
419
413
413
413
413
413
413
399
399
399
399
399
409
409
409
409
409
392
392
392
392
392
392
380
380
380
380
380
376
376
376
376
376
393
393
393
393
393
393
397
397
397
397
397
380
380
380
380
380
401
401
401
401
401
401
406
406
406
406
406
414
414
414
414
414
414
414
414
414
414
414
411
411
411
411
411
415
415
415
415
415
402
402
402
402
402
402
399
399
399
399
399
403
403
403
403
403
392
392
392
392
392
392
395
395
395
395
395
384
384
384
384
384
380
380
380
380
380
380
394
394
394
394
394
398
398
398
398
398
402
402
402
402
402
402
423
423
423
423
423
409
409
409
409
409
399
399
399
399
399
399
415
415
415
415
415
410
410
410
410
410
395
395
395
395
395
395
406
406
406
406
406
401
401
401
401
401
412
412
412
412
412
412
411
411
411
411
411
419
419
419
419
419
410
410
410
410
410
410
413
413
413
413
413
396
396
396
396
396
395
395
395
395
395
395
395
395
395
395
395
407
407
407
407
407
403
403
403
403
403
403
409
409
409
409
409
391
391
391
391
391
391
391
391
391
391
391
378
378
378
378
378
367
367
367
367
367
369
369
369
369
369
369
362
362
362
362
362
367
367
367
367
367
357
357
357
357
357
357
377
377
377
377
377
375
375
375
375
375
390
390
390
390
390
390
401
401
401
401
401
408
408
408
408
408
435
435
435
435
435
435
431
431
431
431
431
431
431
431
431
431
408
408
408
408
408
408
397
397
397
397
397
373
373
373
373
373
355
355
355
355
355
355
345
345
345
345
345
352
352
352
352
352
352
352
352
352
352
352
380
380
380
380
380
418
418
418
418
418
469
469
469
469
469
469
532
532
532
532
532
646
646
646
646
646
671
671
671
671
671
671
598
598
598
598
598
492
492
492
492
492
417
417
417
417
417
417
347
347
347
347
347
368
368
368
368
368
348
348
348
348
348
348
352
352
352
352
352
367
367
367
367
367
379
379
379
379
379
379
380
380
380
380
380
418
418
418
418
418
461
461
461
461
461
461
505
505
505
505
505
546
546
546
546
546
505
505
505
505
505
505
447
447
447
447
447
431
431
431
431
431
404
404
404
404
404
404
388
388
388
388
388
372
372
372
372
372
369
369
369
369
369
369
372
372
372
372
372
357
357
357
357
357
373
373
373
373
373
373
371
371
371
371
371
375
375
375
375
375
368
368
368
368
368
368
362
362
362
362
362
368
368
368
368
361
361
361
361
361
361
361
361
361
361
361
374
374
374
374
374
377
377
377
377
377
377
399
399
399
399
399
447
447
447
447
447
433
433
433
433
433
433
481
481
481
481
481
457
457
457
457
457
425
425
425
425
425
425
404
404
404
404
404
398
398
398
398
398
396
396
396
396
396
396
378
378
378
378
378
368
368
368
368
368
377
377
377
377
377
377
382
382
382
382
382
369
369
369
369
369
384
384
384
384
384
384
404
404
404
404
404
415
415
415
415
415
426
426
426
426
426
426
422
422
422
422
422
426
426
426
426
426
415
415
415
415
415
415
417
417
417
417
417
380
380
380
380
380
379
379
379
379
379
379
391
391
391
391
391
377
377
377
377
377
373
373
373
373
373
373
374
374
374
374
374
412
412
412
412
412
419
419
419
419
419
419
416
416
416
416
416
434
434
434
434
434
446
446
446
446
446
446
452
452
452
452
452
459
459
459
459
459
469
469
469
469
469
469
416
416
416
416
416
408
408
408
408
408
405
405
405
405
405
405
400
400
400
400
400
394
394
394
394
394
392
392
392
392
392
392
400
400
400
400
400
405
405
405
405
405
410
410
410
410
410
410
409
409
409
409
409
415
415
415
415
415
417
417
417
417
417
417
407
407
407
407
407
375
375
375
375
375
377
377
377
377
377
377
381
381
381
381
381
362
362
362
362
362
368
368
368
368
368
368
375
375
375
375
375
401
401
401
401
401
398
398
398
398
398
398
417
417
417
417
417
442
442
442
442
442
440
440
440
440
440
440
425
425
425
425
425
403
403
403
403
403
405
405
405
405
405
405
372
372
372
372
372
382
382
382
382
382
370
370
370
370
370
370
368
368
368
368
368
366
366
366
366
366
383
383
383
383
383
383
382
382
382
382
382
384
384
384
384
384
408
408
408
408
408
408
397
397
397
397
397
418
418
418
418
418
432
432
432
432
432
432
434
434
434
434
434
442
442
442
442
442
469
469
469
469
469
469
471
471
471
471
471
449
449
449
449
449
439
439
439
439
439
439
431
431
431
431
431
407
407
407
407
407
400
400
400
400
400
400
379
379
379
379
379
365
365
365
365
365
366
366
366
366
366
366
363
363
363
363
363
368
368
368
368
368
384
384
384
384
384
384
396
396
396
396
396
413
413
413
413
413
423
423
423
423
423
423
407
407
407
407
407
402
402
402
402
402
381
381
381
381
381
381
369
369
369
369
369
352
352
352
352
352
360
360
360
360
360
360
370
370
370
370
370
363
363
363
363
363
380
380
380
380
380
380
386
386
386
386
386
419
419
419
419
419
444
444
444
444
444
444
436
436
436
436
436
457
457
457
457
457
437
437
437