408
408
399
399
399
399
399
394
394
394
394
394
394
399
399
399
399
399
400
400
400
400
400
404
404
404
404
404
404
413
413
413
413
413
407
407
407
407
407
405
405
405
405
405
405
398
398
398
398
398
401
401
401
401
401
409
409
409
409
409
409
393
393
393
393
393
409
409
409
409
409
408
408
408
408
408
408
401
401
401
401
401
403
403
403
403
403
410
410
410
410
410
410
404
404
404
404
404
407
407
407
407
407
405
405
405
405
405
405
397
397
397
397
397
417
417
417
417
417
410
410
410
410
410
410
405
405
405
405
405
419
419
419
419
419
401
401
401
401
401
401
397
397
397
397
397
398
398
398
398
398
413
413
413
413
413
413
404
404
404
404
404
404
404
404
404
404
406
406
406
406
406
406
401
401
401
401
401
411
411
411
411
411
410
410
410
410
410
410
415
415
415
415
415
411
411
411
411
411
408
408
408
408
408
408
403
403
403
403
403
422
422
422
422
422
415
415
415
415
415
415
397
397
397
397
397
398
398
398
398
398
416
416
416
416
416
416
411
411
411
411
411
405
405
405
405
405
409
409
409
409
409
409
411
411
411
411
411
409
409
409
409
409
405
405
405
405
405
405
399
399
399
399
399
401
401
401
401
401
403
403
403
403
403
403
410
410
410
410
410
412
412
412
412
412
403
403
403
403
403
403
405
405
405
405
405
401
401
401
401
401
406
406
406
406
406
406
384
384
384
384
384
406
406
406
406
406
391
391
391
391
391
391
400
400
400
400
400
405
405
405
405
405
410
410
410
410
410
410
408
408
408
408
408
406
406
406
406
406
414
414
414
414
414
414
399
399
399
399
399
408
408
408
408
408
403
403
403
403
403
403
399
399
399
399
399
404
404
404
404
404
391
391
391
391
391
391
396
396
396
396
396
400
400
400
400
400
407
407
407
407
407
407
404
404
404
404
404
402
402
402
402
402
410
410
410
410
410
405
405
405
405
405
409
409
409
409
409
392
392
392
392
392
392
398
398
398
398
398
401
401
401
401
401
405
405
405
405
405
405
416
416
416
416
416
417
417
417
417
417
387
387
387
387
387
387
405
405
405
405
405
406
406
406
406
406
405
405
405
405
405
405
394
394
394
394
394
381
381
381
381
381
400
400
400
400
400
400
405
405
405
405
405
414
414
414
414
414
404
404
404
404
404
404
398
398
398
398
398
406
406
406
406
406
415
415
415
415
415
415
411
411
411
411
411
413
413
413
413
413
404
404
404
404
404
404
410
410
410
410
410
401
401
401
401
401
414
414
414
414
414
414
406
406
406
406
406
413
413
413
413
413
406
406
406
406
406
406
409
409
409
409
409
415
415
415
415
415
407
407
407
407
407
407
393
393
393
393
393
388
388
388
388
388
419
419
419
419
419
419
418
418
418
418
418
410
410
410
410
410
413
413
413
413
413
413
405
405
405
405
405
410
410
410
410
410
402
402
402
402
402
402
411
411
411
411
411
407
407
407
407
407
421
421
421
421
421
421
414
414
414
414
414
402
402
402
402
402
431
431
431
431
431
431
413
413
413
413
413
419
419
419
419
419
394
394
394
394
394
394
433
433
433
433
433
422
422
422
422
422
428
428
428
428
428
428
432
432
432
432
432
421
421
421
421
421
405
405
405
405
405
405
439
439
439
439
439
437
437
437
437
437
413
413
413
413
413
413
430
430
430
430
430
439
439
439
439
439
447
447
447
447
447
447
453
453
453
453
453
435
435
435
435
435
451
451
451
451
451
451
417
417
417
417
417
410
410
410
410
410
438
438
438
438
438
438
398
398
398
398
398
389
389
389
389
389
388
388
388
388
388
388
370
370
370
370
370
354
354
354
354
354
362
362
362
362
362
362
355
355
355
355
355
372
372
372
372
372
371
371
371
371
371
371
392
392
392
392
392
406
406
406
406
406
395
395
395
395
395
395
408
408
408
408
408
402
402
402
402
402
403
403
403
403
403
403
430
430
430
430
430
406
406
406
406
406
419
419
419
419
419
419
425
425
425
425
425
419
419
419
419
419
411
411
411
411
411
411
437
437
437
437
437
446
446
446
446
446
442
442
442
442
442
442
442
442
442
442
442
458
458
458
458
458
447
447
447
447
447
447
466
466
466
466
466
481
481
481
481
481
437
437
437
437
437
437
444
444
444
444
444
439
439
439
439
439
401
401
401
401
401
401
420
420
420
420
420
413
413
413
413
413
394
394
394
394
394
394
369
369
369
369
369
379
379
379
379
379
380
380
380
380
380
380
372
372
372
372
372
379
379
379
379
379
382
382
382
382
382
382
371
371
371
371
371
376
376
376
376
376
392
392
392
392
392
392
400
400
400
400
400
423
423
423
423
423
424
424
424
424
424
424
427
427
427
427
427
426
426
426
426
426
429
429
429
429
429
429
406
406
406
406
406
404
404
404
404
404
388
388
388
388
388
388
377
377
377
377
377
369
369
369
369
369
376
376
376
376
376
376
364
364
364
364
364
386
386
386
386
386
395
395
395
395
395
395
396
396
396
396
396
413
413
413
413
413
437
437
437
437
437
437
447
447
447
447
447
494
494
494
494
494
497
497
497
497
497
497
550
550
550
550
550
575
575
575
575
575
562
562
562
562
562
562
595
595
595
595
595
585
585
585
585
585
563
563
563
563
563
563
563
563
563
563
563
551
551
551
551
551
545
545
545
545
545
545
595
595
595
595
595
683
683
683
683
683
846
846
846
846
846
846
1064
1064
1064
1064
1064
1268
1268
1268
1268
1268
1474
1474
1474
1474
1474
1474
1685
1685
1685
1685
1685
1659
1659
1659
1659
1659
1573
1573
1573
1573
1573
1573
1177
1177
1177
1177
1177
655
655
655
655
655
386
386
386
386
386
386
333
333
333
333
333
303
303
303
303
303
289
289
289
289
289
289
286
286
286
286
286
277
277
277
277
277
288
288
288
288
288
288
279
279
279
279
279
287
287
287
287
287
302
302
302
302
302
302
317
317
317
317
317
319
319
319
319
319
320
320
320
320
320
320
323
323
323
323
323
320
320
320
320
320
326
326
326
326
326
326
335
335
335
335
335
343
343
343
343
343
361
361
361
361
361
361
431
431
431
431
431
745
745
745
745
745
1494
1494
1494
1494
1494
1494
2201
2201
2201
2201
2201
2486
2486
2486
2486
2486
2557
2557
2557
2557
2557
2557
2509
2509
2509
2509
2509
2529
2529
2529
2529
2529
2531
2531
2531
2531
2531
2531
2403
2403
2403
2403
2403
2000
2000
2000
2000
2000
1160
1160
1160
1160
1160
1160
446
446
446
446
446
335
335
335
335
335
302
302
302
302
302
302
309
309
309
309
309
306
306
306
306
306
338
338
338
338
338
338
360
360
360
360
360
469
469
469
469
469
764
764
764
764
764
764
848
848
848
848
848
588
588
588
588
588
375
375
375
375
375
375
329
329
329
329
329
309
309
309
309
309
274
274
274
274
274
274
278
278
278
278
278
289
289
289
289
289
276
276
276
276
276
276
292
292
292
292
292
303
303
303
303
303
329
329
329
329
329
329
378
378
378
378
378
473
473
473
473
473
575
575
575
575
575
575
537
537
537
537
537
436
436
436
436
436
405
405
405
405
405
405
392
392
392
392
392
407
407
407
407
407
458
458
458
458
458
458
840
840
840
840
840
1502
1502
1502
1502
1502
2106
2106
2106
2106
2106
2106
2457
2457
2457
2457
2457
2519
2519
2519
2519
2519
2542
2542
2542
2542
2542
2542
2534
2534
2534
2534
2534
2544
2544
2544
2544
2544
2543
2543
2543
2543
2543
2543
2529
2529
2529
2529
2529
2500
2500
2500
2500
2500
2273
2273
2273
2273
2273
2273
1419
1419
1419
1419
1419
435
435
435
435
435
316
316
316
316
316
316
294
294
294
294
294
280
280
280
280
280
282
282
282
282
282
282
281
281
281
281
281
282
282
282
282
282
297
297
297
297
297
297
321
321
321
321
321
338
338
338
338
338
371
371
371
371
371
371
383
383
383
383
383
454
454
454
454
454
622
622
622
622
622
622
994
994
994
994
994
1260
1260
1260
1260
1260
1314
1314
1314
1314
1314
1314
1037
1037
1037
1037
1037
590
590
590
590
590
389
389
389
389
389
389
345
345
345
345
345
315
315
315
315
315
302
302
302
302
302
302
294
294
294
294
294
292
292
292
292
292
299
299
299
299
299
299
298
298
298
298
298
293
293
293
293
293
300
300
300
300
300
300
308
308
308
308
308
318
318
318
318
318
311
311
311
311
311
311
319
319
319
319
319
334
334
334
334
334
337
337
337
337
337
337
370
370
370
370
370
420
420
420
420
420
733
733
733
733
733
733
1546
1546
1546
1546
1546
2300
2300
2300
2300
2300
2512
2512
2512
2512
2512
2512
2538
2538
2538
2538
2538
2505
2505
2505
2505
2505
2486
2486
2486
2486
2486
2486
2330
2330
2330
2330
2330
1634
1634
1634
1634
1634
622
622
622
622
622
622
348
348
348
348
348
302
302
302
302
302
280
280
280
280
280
280
278
278
278
278
278
279
279
279
279
279
282
282
282
282
282
282
299
299
299
299
299
323
323
323
323
323
359
359
359
359
359
359
509
509
509
509
509
975
975
975
975
975
1376
1376
1376
1376
1376
1376
1663
1663
1663
1663
1663
1877
1877
1877
1877
1877
2072
2072
2072
2072
2072
2072
1971
1971
1971
1971
1971
1187
1187
1187
1187
1187
402
402
402
402
402
402
304
304
304
304
304
281
281
281
281
281
276
276
276
276
276
276
279
279
279
279
279
285
285
285
285
285
291
291
291
291
291
291
317
317
317
317
317
450
450
450
450
450
1495
1495
1495
1495
1495
1495
2470
2470
2470
2470
2470
2508
2508
2508
2508
2508
2546
2546
2546
2546
2546
2546
2516
2516
2516
2516
2516
2522
2522
2522
2522
2522
2543
2543
2543
2543
2543
2543
2384
2384
2384
2384
2384
1584
1584
1584
1584
1584
519
519
519
519
519
519
356
356
356
356
356
301
301
301
301
301
277
277
277
277
277
277
280
280
280
280
280
277
277
277
277
277
278
278
278
278
278
278
283
283
283
283
283
294
294
294
294
294
301
301
301
301
301
301
314
314
314
314
314
336
336
336
336
336
376
376
376
376
376
376
420
420
420
420
420
507
507
507
507
507
798
798
798
798
798
798
1089
1089
1089
1089
1089
1261
1261
1261
1261
1261
1280
1280
1280
1280
1280
1280
1167
1167
1167
1167
1167
1085
1085
1085
1085
1085
860
860
860
860
860
860
472
472
472
472
472
351
351
351
351
351
325
325
325
325
325
325
298
298
298
298
298
300
300
300
300
300
300
300
300
300
300
300
299
299
299
299
299
300
300
300
300
300
300
300
300
300
300
300
308
308
308
308
308
317
317
317
317
317
324
324
324
324
324
324
382
382
382
382
382
457
457
457
457
457
606
606
606
606
606
606
991
991
991
991
991
1341
1341
1341
1341
1341
1554
1554
1554
1554
1554
1554
1496
1496
1496
1496
1496
1232
1232
1232
1232
1232
837
837
837
837
837
837
462
462
462
462
462
374
374
374
374
374
336
336
336
336
336
336
324
324
324
324
324
308
308
308
308
308
321
321
321
321
321
321
322
322
322
322
322
342
342
342
342
342
396
396
396
396
396
396
608
608
608
608
608
1142
1142
1142
1142
1142
1725
1725
1725
1725
1725
1725
2034
2034
2034
2034
2034
2105
2105
2105
2105
2105
2026
2026
2026
2026
2026
2026
1711
1711
1711
1711
1711
1212
1212
1212
1212
1212
648
648
648
648
648
648
410
410
410
410
410
342
342
342
342
342
321
321
321
321
321
321
325
325
325
325
325
324
324
324
324
324
317
317
317
317
317
317
324
324
324
324
324
316
316
316
316
316
316
316
316
316
316
316
308
308
308
308
308
311
311
311
311
311
327
327
327
327
327
327
343
343
343
343
343
353
353
353
353
353
393
393
393
393
393
393
490
490
490
490
490
718
718
718
718
718
1057
1057
1057
1057
1057
1057
1264
1264
1264
1264
1264
1391
1391
1391
1391
1391
1342
1342
1342
1342
1342
1342
1137
1137
1137
1137
1137
849
849
849
849
849
516
516
516
516
516
516
412
412
412
412
412
386
386
386
386
386
360
360
360
360
360
360
321
321
321
321
321
320
320
320
320
320
315
315
315
315
315
315
316
316
316
316
316
321
321
321
321
321
348
348
348
348
348
348
348
348
348
348
348
389
389
389
389
389
457
457
457
457
457
457
664
664
664
664
664
1048
1048
1048
1048
1048
1249
1249
1249
1249
1249
1249
1280
1280
1280
1280
1280
1049
1049
1049
1049
1049
739
739
739
739
739
739
499
499
499
499
499
420
420
420
420
420
353
353
353
353
353
353
342
342
342
342
342
336
336
336
336
336
336
336
336
336
336
336
334
334
334
334
334
344
344
344
344
344
359
359
359
359
359
359
381
381
381
381
381
416
416
416
416
416
441
441
441
441
441
441
490
490
490
490
490
570
570
570
570
570
569
569
569
569
569
569
485
485
485
485
485
441
441
441
441
441
402
402
402
402
402
402
401
401
401
401
401
360
360
360
360
360
355
355
355
355
355
355
366
366
366
366
366
369
369
369
369
369
400
400
400
400
400
400
421
421
421
421
421
446
446
446
446
446
445
445
445
445
445
445
447
447
447
447
447
446
446
446
446
446
437
437
437
437
437
437
438
438
438
438
438
415
415
415
415
415
422
422
422
422
422
422
409
409
409
409
409
410
410
410
410
410
409
409
409
409
409
409
439
439
439
439
439
450
450
450
450
450
454
454
454
454
454
454
482
482
482
482
482
459
459
459
459
459
467
467
467
467
467
467
449
449
449
449
449
451
451
451
451
451
401
401
401
401
401
401
381
381
381
381
381
354
354
354
354
354
356
356
356
356
356
356
355
355
355
355
355
376
376
376
376
376
374
374
374
374
374
374
394
394
394
394
394
403
403
403
403
403
438
438
438
438
438
438
474
474
474
474
474
523
523
523
523
523
518
518
518
518
518
518
501
501
501
501
501
433
433
433
433
433
425
425
425
425
425
425
447
447
447
447
447
421
421
421
421
421
417
417
417
417
417
417
423
423
423
423
423
405
405
405
405
405
423
423
423
423
423
423
437
437
437
437
437
434
434
434
434
434
436
436
436
436
436
436
428
428
428
428
428
407
407
407
407
407
394
394
394
394
394
394
391
391
391
391
391
384
384
384
384
384
388
388
388
388
388
388
372
372
372
372
372
386
386
386
386
386
385
385
385
385
385
385
413
413
413
413
413
437
437
437
437
437
444
444
444
444
444
444
445
445
445
445
445
475
475
475
475
475
488
488
488
488
488
488
508
508
508
508
508
478
478
478
478
478
467
467
467
467
467
467
435
435
435
435
435
440
440
440
440
440
402
402
402
402
402
402
369
369
369
369
369
368
368
368
368
368
362
362
362
362
362
362
370
370
370
370
370
369
369
369
369
369
381
381
381
381
381
381
406
406
406
406
406
451
451
451
451
451
477
477
477
477
477
477
473
473
473
473
473
504
504
504
504
504
522
522
522
522
522
522
475
475
475
475
475
444
444
444
444
444
416
416
416
416
416
416
419
419
419
419
419
406
406
406
406
406
418
418
418
418
418
418
424
424
424
424
424
411
411
411
411
411
429
429
429
429
429
429
445
445
445
445
445
453
453
453
453
453
463
463
463
463
463
463
459
459
459
459
459
464
464
464
464
464
424
424
424
424
424
424
408
408
408
408
408
374
374
374
374
374
370
370
370
370
370
370
382
382
382
382
382
367
367
367
367
367
368
368
368
368
368
368
370
370
370
370
370
399
399
399
399
399
401
401
401
401
401
401
436
436
436
436
436
456
456
456
456
456
483
483
483
483
483
483
487
487
487
487
487
462
462
462
462
462
424
424
424
424
424
424
404
404
404
404
404
370
370
370
370
370
365
365
365
365
365
365
355
355
355
355
355
358
358
358
358
358
377
377
377
377
377
377
367
367
367
367
367
374
374
374
374
374
400
400
400
400
400
400
420
420
420
420
420
460
460
460
460
460
453
453
453
453
453
453
452
452
452
452
452
457
457
457
457
457
442
442
442
442
442
442
418
418
418
418
418
432
432
432
432
432
413
413
413
413
413
413
408
408
408
408
408
440
440
440
440
440
407
407
407
407
407
407
428
428
428
428
428
443
443
443
443
443
447
447
447
447
447
447
445
445
445
445
445
432
432
432
432
432
424
424
424
424
424
424
413
413
413
413
413
396
396
396
396
396
404
404
404
404
404
404
394
394
394
394
394
406
406
406
406
406
414
414
414
414
414
414
418
418
418
418
418
413
413
413
413
413
423
423
423
423
423
423
438
438
438
438
438
428
428
428
428
428
428
428
428
428
428
428
415
415
415
415
415
435
435
435
435
435
408
408
408
408
408
408
415
415
415
415
415
396
396
396
396
396
398
398
398
398
398
398
382
382
382
382
382
371
371
371
371
371
350
350
350
350
350
350
369
369
369
369
369
370
370
370
370
370
371
371
371
371
371
371
383
383
383
383
383
397
397
397
397
397
393
393
393
393
393
393
413
413
413
413
413
421
421
421
421
421
424
424
424
424
424
424
427
427
427
427
427
430
430
430
430
430
408
408
408
408
408
408
408
408
408
408
408
401
401
401
401
401
396
396
396
396
396
396
396
396
396
396
396
381
381
381
381
381
378
378
378
378
378
378
386
386
386
386
386
384
384
384
384
384
377
377
377
377
377
377
372
372
372
372
372
380
380
380
380
380
374
374
374
374
374
374
387
387
387
387
387
375
375
375
375
375
411
411
411
411
411
411
390
390
390
390
390
404
404
404
404
404
399
399
399
399
399
399
395
395
395
395
395
397
397
397
397
397
385
385
385
385
385
373
373
373
373
373
375
375
375
375
375
377
377
377
377
377
377
371
371
371
371
371
378
378
378
378
378
377
377
377
377
377
377
396
396
396
396
396
405
405
405
405
405
422
422
422
422
422
422
445
445
445
445
445
498
498
498
498
498
509
509
509
509
509
509
520
520
520
520
520
482
482
482
482
482
446
446
446
446
446
446
443
443
443
443
443
429
429
429
429
429
432
432
432
432
432
432
417
417
417
417
417
419
419
419
419
419
427
427
427
427
427
427
406
406
406
406
406
428
428
428
428
428
413
413
413
413
413
413
419
419
419
419
419
421
421
421
421
421
398
398
398
398
398
398
392
392
392
392
392
394
394
394
394
394
393
393
393
393
393
393
385
385
385
385
385
368
368
368
368
368
381
381
381
381
381
381
372
372
372
372
372
373
373
373
373
373
382
382
382
382
382
382
385
385
385
385
385
392
392
392
392
392
396
396
396
396
396
396
397
397
397
397
397
406
406
406
406
406
424
424
424
424
424
424
445
445
445
445
445
475
475
475
475
475
491
491
491
491
491
491
493
493
493
493
493
474
474
474
474
474
478
478
478
478
478
478
422
422
422
422
422
415
415
415
415
415
394
394
394
394
394
394
392
392
392
392
392
390
390
390
390
390
406
406
406
406
406
406
451
451
451
451
451
483
483
483
483
483
543
543
543
543
543
543
583
583
583
583
583
618
618
618
618
618
606
606
606
606
606
606
549
549
549
549
549
481
481
481
481
481
421
421
421
421
421
421
402
402
402
402
402
391
391
391
391
391
387
387
387
387
387
387
379
379
379
379
379
387
387
387
387
387
385
385
385
385
385
385
393
393
393
393
393
402
402
402
402
402
387
387
387
387
387
387
385
385
385
385
385
366
366
366
366
366
369
369
369
369
369
369
358
358
358
358
358
350
350
350
350
350
365
365
365
365
365
365
360
360
360
360
360
373
373
373
373
373
379
379
379
379
379
379
407
407
407
407
407
442
442
442
442
442
476
476
476
476
476
476
495
495
495
495
495
498
498
498
498
498
492
492
492
492
492
492
464
464
464
464
464
444
444
444
444
444
416
416
416
416
416
416
416
416
416
416
416
408
408
408
408
408
419
419
419
419
419
419
425
425
425
425
425
422
422
422
422
422
421
421
421
421
421
421
423
423
423
423
423
407
407
407
407
407
394
394
394
394
394
394
397
397
397
397
397
397
397
397
397
397
401
401
401
401
401
401
404
404
404
404
404
402
402
402
402
402
412
412
412
412
412
412
432
432
432
432
432
442
442
442
442
442
465
465
465
465
465
465
466
466
466
466
466
468
468
468
468
468
476
476
476
476
476
476
465
465
465
465
465
462
462
462
462
462
444
444
444
444
444
444
457
457
457
457
457
466
466
466
466
466
492
492
492
492
492
492
496
496
496
496
496
495
495
495
495
495
470
470
470
470
470
470
446
446
446
446
446
414
414
414
414
414
391
391
391
391
391
391
375
375
375
375
375
370
370
370
370
370
363
363
363
363
363
363
364
364
364
364
364
361
361
361
361
361
362
362
362
362
362
362
380
380
380
380
380
384
384
384
384
384
402
402
402
402
402
402
407
407
407
407
407
408
408
408
408
408
408
408
408
408
408
408
409
409
409
409
409
402
402
402
402
402
401
401
401
401
401
401
396
396
396
396
396
388
388
388
388
388
385
385
385
385
385
385
392
392
392
392
392
394
394
394
394
394
400
400
400
400
400
400
418
418
418
418
418
446
446
446
446
446
471
471
471
471
471
471
472
472
472
472
472
482
482
482
482
482
473
473
473
473
473
473
487
487
487
487
487
466
466
466
466
466
440
440
440
440
440
440
429
429
429
429
429
412
412
412
412
412
398
398
398
398
398
398
398
398
398
398
398
391
391
391
391
391
392
392
392
392
392
392
389
389
389
389
389
389
389
389
389
389
389
389
389
389
389
389
402
402
402
402
402
399
399
399
399
399
409
409
409
409
409
409
426
426
426
426
426
430
430
430
430
430
438
438
438
438
438
438
459
459
459
459
459
457
457
457
457
457
456
456
456
456
456
456
445
445
445
445
445
425
425
425
425
425
408
408
408
408
408
408
392
392
392
392
392
387
387
387
387
387
380
380
380
380
380
380
373
373
373
373
373
377
377
377
377
377
371
371
371
371
371
371
394
394
394
394
394
383
383
383
383
383
377
377
377
377
377
377
376
376
376
376
376
365
365
365
365
365
353
353
353
353
353
353
349
349
349
349
349
351
351
351
351
351
346
346
346
346
346
346
367
367
367
367
367
378
378
378
378
378
399
399
399
399
399
399
422
422
422
422
422
445
445
445
445
445
471
471
471
471
471
471
500
500
500
500
500
486
486
486
486
486
450
450
450
450
450
450
430
430
430
430
430
398
398
398
398
398
374
374
374
374
374
374
373
373
373
373
373
364
364
364
364
364
364
364
364
364
364
364
383
383
383
383
383
398
398
398
398
398
428
428
428
428
428
428
482
482
482
482
482
567
567
567
567
567
631
631
631
631
631
631
652
652
652
652
652
599
599
599
599
599
523
523
523
523
523
523
460
460
460
460
460
426
426
426
426
426
404
404
404
404
404
404
381
381
381
381
381
372
372
372
372
372
370
370
370
370
370
370
363
363
363
363
363
370
370
370
370
370
388
388
388
388
388
388
414
414
414
414
414
446
446
446
446
446
471
471
471
471
471
471
484
484
484
484
484
473
473
473
473
473
466
466
466
466
466
466
408
408
408
408
408
384
384
384
384
384