412
412
399
399
399
399
399
398
398
398
398
398
396
396
396
396
396
396
406
406
406
406
406
404
404
404
404
404
402
402
402
402
402
402
402
402
402
402
402
401
401
401
401
401
403
403
403
403
403
403
402
402
402
402
402
383
383
383
383
383
400
400
400
400
400
400
394
394
394
394
394
401
401
401
401
401
397
397
397
397
397
397
399
399
399
399
399
398
398
398
398
398
402
402
402
402
402
402
394
394
394
394
394
399
399
399
399
399
402
402
402
402
402
402
395
395
395
395
395
406
406
406
406
406
396
396
396
396
396
396
404
404
404
404
404
394
394
394
394
394
407
407
407
407
407
407
411
411
411
411
411
399
399
399
399
399
413
413
413
413
413
413
410
410
410
410
410
401
401
401
401
401
399
399
399
399
399
399
400
400
400
400
400
400
400
400
400
400
395
395
395
395
395
395
396
396
396
396
396
397
397
397
397
397
393
393
393
393
393
393
396
396
396
396
396
396
396
396
396
396
398
398
398
398
398
398
401
401
401
401
401
397
397
397
397
397
396
396
396
396
396
396
399
399
399
399
399
399
399
399
399
399
394
394
394
394
394
394
396
396
396
396
396
401
401
401
401
401
394
394
394
394
394
394
398
398
398
398
398
397
397
397
397
397
403
403
403
403
403
403
392
392
392
392
392
384
384
384
384
384
384
384
384
384
384
384
385
385
385
385
385
397
397
397
397
397
395
395
395
395
395
395
392
392
392
392
392
393
393
393
393
393
392
392
392
392
392
392
393
393
393
393
393
383
383
383
383
383
392
392
392
392
392
392
392
392
392
392
392
392
392
392
392
392
393
393
393
393
393
393
392
392
392
392
392
394
394
394
394
394
381
381
381
381
381
381
384
384
384
384
384
389
389
389
389
389
389
389
389
389
389
389
379
379
379
379
379
376
376
376
376
376
381
381
381
381
381
381
377
377
377
377
377
380
380
380
380
380
384
384
384
384
384
384
386
386
386
386
386
385
385
385
385
385
386
386
386
386
386
386
403
403
403
403
403
408
408
408
408
408
415
415
415
415
415
415
411
411
411
411
411
412
412
412
412
412
396
396
396
396
396
396
393
393
393
393
393
387
387
387
387
387
390
390
390
390
390
390
380
380
380
380
380
385
385
385
385
381
381
381
381
381
381
385
385
385
385
385
387
387
387
387
387
378
378
378
378
378
378
374
374
374
374
374
374
374
374
374
374
373
373
373
373
373
373
369
369
369
369
369
356
356
356
356
356
363
363
363
363
363
363
361
361
361
361
361
356
356
356
356
356
351
351
351
351
351
351
344
344
344
344
344
354
354
354
354
354
355
355
355
355
355
355
374
374
374
374
374
373
373
373
373
373
411
411
411
411
411
411
461
461
461
461
461
587
587
587
587
587
803
803
803
803
803
803
1088
1088
1088
1088
1088
1277
1277
1277
1277
1277
1415
1415
1415
1415
1415
1415
1456
1456
1456
1456
1456
1387
1387
1387
1387
1387
1254
1254
1254
1254
1254
1254
1066
1066
1066
1066
1066
900
900
900
900
900
693
693
693
693
693
693
535
535
535
535
535
469
469
469
469
469
421
421
421
421
421
421
412
412
412
412
412
395
395
395
395
395
395
395
395
395
395
395
390
390
390
390
390
395
395
395
395
395
405
405
405
405
405
405
412
412
412
412
412
413
413
413
413
413
402
402
402
402
402
402
405
405
405
405
405
409
409
409
409
409
417
417
417
417
417
417
401
401
401
401
401
423
423
423
423
423
436
436
436
436
436
436
469
469
469
469
469
543
543
543
543
543
634
634
634
634
634
634
749
749
749
749
749
846
846
846
846
846
917
917
917
917
917
917
965
965
965
965
965
978
978
978
978
978
991
991
991
991
991
991
1004
1004
1004
1004
1004
1013
1013
1013
1013
1013
1040
1040
1040
1040
1040
1040
957
957
957
957
957
788
788
788
788
788
583
583
583
583
583
583
424
424
424
424
424
363
363
363
363
363
335
335
335
335
335
335
314
314
314
314
314
302
302
302
302
302
297
297
297
297
297
297
294
294
294
294
294
311
311
311
311
311
299
299
299
299
299
299
321
321
321
321
321
322
322
322
322
322
343
343
343
343
343
343
354
354
354
354
354
363
363
363
363
363
385
385
385
385
385
385
402
402
402
402
402
420
420
420
420
420
449
449
449
449
449
449
518
518
518
518
518
618
618
618
618
618
741
741
741
741
741
741
882
882
882
882
882
892
892
892
892
892
870
870
870
870
870
870
822
822
822
822
822
795
795
795
795
795
665
665
665
665
665
665
566
566
566
566
566
512
512
512
512
512
461
461
461
461
461
461
397
397
397
397
397
369
369
369
369
369
345
345
345
345
345
345
330
330
330
330
330
311
311
311
311
311
306
306
306
306
306
306
295
295
295
295
295
295
295
295
295
295
290
290
290
290
290
290
293
293
293
293
293
297
297
297
297
297
302
302
302
302
302
302
305
305
305
305
305
308
308
308
308
308
325
325
325
325
325
325
328
328
328
328
328
334
334
334
334
334
322
322
322
322
322
322
345
345
345
345
345
321
321
321
321
321
335
335
335
335
335
335
316
316
316
316
316
336
336
336
336
336
315
315
315
315
315
315
316
316
316
316
316
319
319
319
319
319
321
321
321
321
321
321
330
330
330
330
330
341
341
341
341
341
356
356
356
356
356
356
398
398
398
398
398
496
496
496
496
496
900
900
900
900
900
900
1327
1327
1327
1327
1327
1803
1803
1803
1803
1803
2034
2034
2034
2034
2034
2034
2182
2182
2182
2182
2182
2072
2072
2072
2072
2072
1852
1852
1852
1852
1852
1852
1425
1425
1425
1425
1425
968
968
968
968
968
716
716
716
716
716
716
568
568
568
568
568
570
570
570
570
570
584
584
584
584
584
584
690
690
690
690
690
689
689
689
689
689
781
781
781
781
781
781
737
737
737
737
737
612
612
612
612
612
492
492
492
492
492
492
427
427
427
427
427
397
397
397
397
397
410
410
410
410
410
410
406
406
406
406
406
398
398
398
398
398
406
406
406
406
406
406
421
421
421
421
421
403
403
403
403
403
418
418
418
418
418
418
398
398
398
398
398
376
376
376
376
376
345
345
345
345
345
345
326
326
326
326
326
318
318
318
318
318
333
333
333
333
333
333
333
333
333
333
333
331
331
331
331
331
337
337
337
337
337
337
377
377
377
377
377
432
432
432
432
432
626
626
626
626
626
626
966
966
966
966
966
1257
1257
1257
1257
1257
1411
1411
1411
1411
1411
1411
1579
1579
1579
1579
1579
1530
1530
1530
1530
1530
1473
1473
1473
1473
1473
1473
1311
1311
1311
1311
1311
1168
1168
1168
1168
1168
969
969
969
969
969
969
877
877
877
877
877
743
743
743
743
743
602
602
602
602
602
602
481
481
481
481
481
423
423
423
423
423
386
386
386
386
386
386
363
363
363
363
363
346
346
346
346
346
344
344
344
344
344
344
337
337
337
337
337
342
342
342
342
342
349
349
349
349
349
349
364
364
364
364
364
375
375
375
375
375
394
394
394
394
394
394
411
411
411
411
411
425
425
425
425
425
414
414
414
414
414
414
382
382
382
382
382
377
377
377
377
377
403
403
403
403
403
403
380
380
380
380
380
400
400
400
400
400
399
399
399
399
399
399
409
409
409
409
409
442
442
442
442
442
434
434
434
434
434
434
421
421
421
421
421
438
438
438
438
438
418
418
418
418
418
418
414
414
414
414
414
417
417
417
417
417
428
428
428
428
428
428
460
460
460
460
460
486
486
486
486
486
481
481
481
481
481
481
482
482
482
482
482
455
455
455
455
455
407
407
407
407
407
407
378
378
378
378
378
358
358
358
358
358
330
330
330
330
330
330
300
300
300
300
300
306
306
306
306
306
298
298
298
298
298
298
294
294
294
294
294
297
297
297
297
297
295
295
295
295
295
295
313
313
313
313
313
311
311
311
311
311
316
316
316
316
316
316
330
330
330
330
330
355
355
355
355
355
372
372
372
372
372
372
415
415
415
415
415
500
500
500
500
500
659
659
659
659
659
659
867
867
867
867
867
1096
1096
1096
1096
1096
1277
1277
1277
1277
1277
1277
1481
1481
1481
1481
1481
1602
1602
1602
1602
1602
1696
1696
1696
1696
1696
1696
1842
1842
1842
1842
1842
1899
1899
1899
1899
1899
1955
1955
1955
1955
1955
1955
1885
1885
1885
1885
1885
1837
1837
1837
1837
1837
1696
1696
1696
1696
1696
1696
1515
1515
1515
1515
1515
1174
1174
1174
1174
1174
899
899
899
899
899
899
567
567
567
567
567
448
448
448
448
448
389
389
389
389
389
389
359
359
359
359
359
336
336
336
336
336
330
330
330
330
330
330
324
324
324
324
324
310
310
310
310
310
321
321
321
321
321
321
306
306
306
306
306
318
318
318
318
318
320
320
320
320
320
320
320
320
320
320
320
328
328
328
328
328
324
324
324
324
324
324
331
331
331
331
331
337
337
337
337
337
346
346
346
346
346
346
362
362
362
362
362
364
364
364
364
364
359
359
359
359
359
359
378
378
378
378
378
387
387
387
387
387
396
396
396
396
396
396
405
405
405
405
405
381
381
381
381
381
408
408
408
408
408
408
424
424
424
424
424
433
433
433
433
433
456
456
456
456
456
456
483
483
483
483
483
470
470
470
470
470
473
473
473
473
473
473
493
493
493
493
493
478
478
478
478
478
470
470
470
470
470
470
462
462
462
462
462
448
448
448
448
448
445
445
445
445
445
445
445
445
445
445
445
485
485
485
485
485
514
514
514
514
514
514
537
537
537
537
537
540
540
540
540
540
583
583
583
583
583
583
592
592
592
592
592
608
608
608
608
608
527
527
527
527
527
527
502
502
502
502
502
432
432
432
432
432
414
414
414
414
414
414
405
405
405
405
405
397
397
397
397
397
388
388
388
388
388
388
388
388
388
388
388
374
374
374
374
374
351
351
351
351
351
351
350
350
350
350
350
340
340
340
340
340
347
347
347
347
347
347
339
339
339
339
339
343
343
343
343
343
351
351
351
351
351
351
371
371
371
371
371
390
390
390
390
390
411
411
411
411
411
411
458
458
458
458
458
517
517
517
517
517
573
573
573
573
573
573
616
616
616
616
616
633
633
633
633
633
621
621
621
621
621
621
591
591
591
591
591
552
552
552
552
552
521
521
521
521
521
521
516
516
516
516
516
499
499
499
499
499
458
458
458
458
458
458
450
450
450
450
450
410
410
410
410
410
392
392
392
392
392
392
368
368
368
368
368
377
377
377
377
377
353
353
353
353
353
353
370
370
370
370
370
344
344
344
344
344
347
347
347
347
347
347
352
352
352
352
352
366
366
366
366
366
371
371
371
371
371
371
411
411
411
411
411
456
456
456
456
456
512
512
512
512
512
512
622
622
622
622
622
720
720
720
720
720
762
762
762
762
762
762
815
815
815
815
815
768
768
768
768
768
728
728
728
728
728
728
594
594
594
594
594
557
557
557
557
557
486
486
486
486
486
486
463
463
463
463
463
429
429
429
429
429
415
415
415
415
415
415
371
371
371
371
371
393
393
393
393
393
363
363
363
363
363
363
357
357
357
357
357
342
342
342
342
342
365
365
365
365
365
365
354
354
354
354
354
365
365
365
365
365
370
370
370
370
370
370
375
375
375
375
375
393
393
393
393
393
412
412
412
412
412
412
412
412
412
412
412
429
429
429
429
429
452
452
452
452
452
452
442
442
442
442
442
460
460
460
460
460
481
481
481
481
481
481
463
463
463
463
463
432
432
432
432
432
441
441
441
441
441
441
414
414
414
414
414
412
412
412
412
412
384
384
384
384
384
384
398
398
398
398
398
388
388
388
388
388
389
389
389
389
389
389
392
392
392
392
392
385
385
385
385
385
399
399
399
399
399
399
393
393
393
393
393
410
410
410
410
410
411
411
411
411
411
411
424
424
424
424
424
460
460
460
460
460
466
466
466
466
466
466
476
476
476
476
476
494
494
494
494
494
518
518
518
518
518
518
560
560
560
560
560
582
582
582
582
582
587
587
587
587
587
587
550
550
550
550
550
496
496
496
496
496
468
468
468
468
468
468
448
448
448
448
448
411
411
411
411
411
397
397
397
397
397
397
382
382
382
382
382
381
381
381
381
381
364
364
364
364
364
364
363
363
363
363
363
378
378
378
378
378
364
364
364
364
364
364
372
372
372
372
372
372
372
372
372
372
370
370
370
370
370
370
377
377
377
377
377
381
381
381
381
381
382
382
382
382
382
382
373
373
373
373
373
381
381
381
381
381
402
402
402
402
402
402
379
379
379
379
379
410
410
410
410
410
394
394
394
394
394
394
385
385
385
385
385
385
385
385
385
385
385
385
385
385
385
385
407
407
407
407
407
414
414
414
414
414
403
403
403
403
403
403
430
430
430
430
430
422
422
422
422
422
438
438
438
438
438
438
439
439
439
439
439
439
439
439
439
439
427
427
427
427
427
427
448
448
448
448
448
443
443
443
443
443
447
447
447
447
447
447
445
445
445
445
445
471
471
471
471
471
463
463
463
463
463
463
459
459
459
459
459
448
448
448
448
448
435
435
435
435
435
435
443
443
443
443
443
426
426
426
426
426
415
415
415
415
415
415
405
405
405
405
405
394
394
394
394
394
399
399
399
399
399
399
391
391
391
391
391
407
407
407
407
407
391
391
391
391
391
391
401
401
401
401
401
391
391
391
391
391
391
391
391
391
391
391
398
398
398
398
398
393
393
393
393
393
388
388
388
388
388
388
393
393
393
393
393
387
387
387
387
387
382
382
382
382
382
382
382
382
382
382
382
390
390
390
390
390
382
382
382
382
382
382
392
392
392
392
392
394
394
394
394
394
388
388
388
388
388
388
397
397
397
397
397
394
394
394
394
394
402
402
402
402
402
402
402
402
402
402
402
381
381
381
381
381
395
395
395
395
395
395
383
383
383
383
383
396
396
396
396
396
412
412
412
412
412
412
419
419
419
419
419
444
444
444
444
444
460
460
460
460
460
460
459
459
459
459
459
491
491
491
491
491
496
496
496
496
496
496
505
505
505
505
505
509
509
509
509
509
496
496
496
496
496
496
491
491
491
491
491
502
502
502
502
502
474
474
474
474
474
474
461
461
461
461
461
454
454
454
454
454
420
420
420
420
420
420
428
428
428
428
428
402
402
402
402
402
402
402
402
402
402
402
389
389
389
389
389
395
395
395
395
395
385
385
385
385
385
385
379
379
379
379
379
398
398
398
398
398
400
400
400
400
400
400
424
424
424
424
424
432
432
432
432
432
456
456
456
456
456
456
454
454
454
454
454
462
462
462
462
462
469
469
469
469
469
469
444
444
444
444
444
434
434
434
434
434
416
416
416
416
416
416
410
410
410
410
410
396
396
396
396
396
393
393
393
393
393
393
386
386
386
386
386
384
384
384
384
384
375
375
375
375
375
375
378
378
378
378
378
377
377
377
377
377
395
395
395
395
395
395
401
401
401
401
401
398
398
398
398
398
389
389
389
389
389
389
403
403
403
403
403
433
433
433
433
433
417
417
417
417
417
417
450
450
450
450
450
419
419
419
419
419
433
433
433
433
433
433
427
427
427
427
427
426
426
426
426
426
430
430
430
430
430
430
412
412
412
412
412
416
416
416
416
416
413
413
413
413
413
413
415
415
415
415
415
419
419
419
419
419
428
428
428
428
428
428
421
421
421
421
421
411
411
411
411
411
415
415
415
415
415
415
401
401
401
401
401
409
409
409
409
409
413
413
413
413
413
413
422
422
422
422
422
421
421
421
421
421
440
440
440
440
440
440
461
461
461
461
461
462
462
462
462
462
470
470
470
470
470
470
474
474
474
474
474
486
486
486
486
486
477
477
477
477
477
477
462
462
462
462
462
462
462
462
462
462
455
455
455
455
455
455
445
445
445
445
445
406
406
406
406
406
413
413
413
413
413
413
394
394
394
394
394
377
377
377
377
377
370
370
370
370
370
370
385
385
385
385
385
379
379
379
379
379
405
405
405
405
405
405
414
414
414
414
414
400
400
400
400
400
395
395
395
395
395
395
408
408
408
408
408
416
416
416
416
416
409
409
409
409
409
409
409
409
409
409
409
407
407
407
407
407
413
413
413
413
413
413
397
397
397
397
397
421
421
421
421
421
427
427
427
427
427
427
425
425
425
425
425
414
414
414
414
414
409
409
409
409
409
409
401
401
401
401
401
418
418
418
418
418
402
402
402
402
402
402
412
412
412
412
412
396
396
396
396
396
413
413
413
413
413
413
411
411
411
411
411
412
412
412
412
412
414
414
414
414
414
414
420
420
420
420
420
431
431
431
431
431
452
452
452
452
452
452
505
505
505
505
505
499
499
499
499
499
505
505
505
505
505
505
517
517
517
517
517
515
515
515
515
515
516
516
516
516
516
516
501
501
501
501
501
464
464
464
464
464
461
461
461
461
461
461
445
445
445
445
445
433
433
433
433
433
439
439
439
439
439
439
438
438
438
438
438
434
434
434
434
434
412
412
412
412
412
412
419
419
419
419
419
432
432
432
432
432
412
412
412
412
412
412
419
419
419
419
419
419
419
419
419
419
405
405
405
405
405
405
389
389
389
389
389
378
378
378
378
378
375
375
375
375
375
375
367
367
367
367
367
351
351
351
351
351
359
359
359
359
359
359
352
352
352
352
352
363
363
363
363
363
364
364
364
364
364
364
370
370
370
370
370
370
370
370
370
370
369
369
369
369
369
369
382
382
382
382
382
370
370
370
370
370
385
385
385
385
385
385
364
364
364
364
364
384
384
384
384
384
382
382
382
382
382
382
382
382
382
382
382
399
399
399
399
399
417
417
417
417
417
417
426
426
426
426
426
436
436
436
436
436
423
423
423
423
423
423
408
408
408
408
408
425
425
425
425
425
440
440
440
440
440
440
432
432
432
432
432
412
412
412
412
412
433
433
433
433
433
433
459
459
459
459
459
490
490
490
490
490
477
477
477
477
477
477
480
480
480
480
480
479
479
479
479
479
472
472
472
472
472
472
448
448
448
448
448
442
442
442
442
442
422
422
422
422
422
422
422
422
422
422
422
409
409
409
409
409
398
398
398
398
398
398
409
409
409
409
409
397
397
397
397
397
399
399
399
399
399
399
399
399
399
399
399
408
408
408
408
408
397
397
397
397
397
397
413
413
413
413
413
403
403
403
403
403
405
405
405
405
405
405
398
398
398
398
398
393
393
393
393
393
397
397
397
397
397
397
388
388
388
388
388
404
404
404
404
404
397
397
397
397
397
397
387
387
387
387
387
407
407
407
407
407
401
401
401
401
401
401
413
413
413
413
413
433
433
433
433
433
424
424
424
424
424
424
409
409
409
409
409
397
397
397
397
397
383
383
383
383
383
383
400
400
400
400
400
365
365
365
365
365
376
376
376
376
376
376
377
377
377
377
377
381
381
381
381
381
389
389
389
389
389
389
382
382
382
382
382
387
387
387
387
416
416
416
416
416
416
411
411
411
411
411
421
421
421
421
421
404
404
404
404
404
404
403
403
403
403
403
414
414
414
414
414
398
398
398
398
398
398
411
411
411
411
411
409
409
409
409
409
426
426
426
426
426
426
441
441
441
441
441
476
476
476
476
476
491
491
491
491
491
491
508
508
508
508
508
539
539
539
539
539
518
518
518
518
518
518
470
470
470
470
470
477
477
477
477
477
452
452
452
452
452
452
446
446
446
446
446
429
429
429
429
429
436
436
436
436
436
436
431
431
431
431
431
428
428
428
428
428
450
450
450
450
450
450
447
447
447
447
447
446
446
446
446
446
412
412
412
412
412
412
407
407
407
407
407
400
400
400
400
400
386
386
386
386
386
386
389
389
389
389
389
387
387
387
387
387
395
395
395
395
395
395
384
384
384
384
384
377
377
377
377
377
395
395
395
395
395
395
387
387
387
387
387
391
391
391
391
391
366
366
366
366
366
366
379
379
379
379
379
368
368
368
368
368
376
376
376
376
376
376
385
385
385
385
385
380
380
380
380
380
378
378
378
378
378
378
382
382
382
382
382
380
380
380
380
380
396
396
396
396
396
396
413
413
413
413
413
419
419
419
419
419
417
417
417
417
417
417
447
447
447
447
447
451
451
451
451
451
456
456
456
456
456
456
467
467
467
467
467
442
442
442
442
442
449
449
449
449
449
449
448
448
448
448
448
455
455
455
455
455
452
452
452
452
452
452
452
452
452
452
452
446
446
446
446
446
477
477
477
477
477
477
467
467
467
467
467
446
446
446
446
446
452
452
452
452
452
452
447
447
447
447
447
440
440
440
440
440
442
442
442
442
442
442
423
423
423
423
423
420
420
420
420
420
408
408
408
408
408
408
417
417
417
417
417
407
407
407
407
407
412
412
412
412
412
412
424
424
424
424
424
403
403
403
403
403
416
416
416
416
416
416
388
388
388
388
388
404
404
404
404
404
387
387
387
387
387
387
399
399
399
399
399
390
390
390
390
390
389
389
389
389
389
389
397
397
397
397
397
407
407
407
407
407
425
425
425
425
425
425
437
437
437
437
437
447
447
447
447
447
427
427
427
427
427
427
425
425
425
425
425
444
444
444
444
444
437
437
437
437
437
437
402
402
402
402
402
423
423
423
423
423
401
401
401
401
401
401
410
410
410
410
410
403
403
403
403
403
420
420
420
420
420
420
401
401
401
401
401
389
389
389
389
389
392
392
392
392
392
392
399
399
399
399
399
400
400
400
400
400
407
407
407
407
407
407
389
389
389
389
389
381
381
381
381
381
391
391
391
391
391
391
408
408
408
408
408
400
400
400
400
400
426
426
426
426
426
426
417
417
417
417
417
440
440
440
440
440
443
443
443
443
443
443
446
446
446
446
446
474
474
474
474
474
453
453
453
453
453
453
450
450
450
450
450
456
456
456
456
456
448
448
448
448
448
448
449
449
449
449
449
454
454
454
454
454
448
448
448
448
448
448
448
448
448
448
448
429
429
429
429
429
432
432
432
432
432
432
411
411
411
411
411
418
418
418
418
418
410
410
410
410
410
410
395
395
395
395
395
370
370
370
370
370
372
372
372
372
372
372
372
372
372
372
372
368
368
368
368
368
367
367
367
367
367
367
373
373
373
373
373
366
366
366
366
366
373
373
373
373
373
373
373
373
373
373
373
389
389
389
389
389
381
381
381
381
381
381
397
397
397
397
397
397
397
397
397
397
404
404
404
404
404
404
415
415
415
415
415
415
415
415
415
415
423
423
423
423
423
423
415
415
415
415
415
421
421
421
421
421
426
426
426
426
426
426
427
427
427
427
427
436
436
436
436
436
416
416
416
416
416
416
409
409
409
409
409
414
414
414
414
414
408
408
408
408
408
408
401
401
401
401
401
398
398
398
398
398
410
410
410
410
410
410
416
416
416
416
416