197
197
197
197
189
189
189
189
189
189
186
186
186
186
186
191
191
191
191
191
193
193
193
193
193
193
188
188
188
188
188
193
193
193
193
193
190
190
190
190
190
190
191
191
191
191
191
187
187
187
187
187
190
190
190
190
190
190
192
192
192
192
192
187
187
187
187
187
192
192
192
192
192
192
189
189
189
189
189
191
191
191
191
191
185
185
185
185
185
185
189
189
189
189
189
196
196
196
196
196
188
188
188
188
188
188
184
184
184
184
184
188
188
188
188
188
185
185
185
185
185
185
183
183
183
183
183
190
190
190
190
190
186
186
186
186
186
186
183
183
183
183
183
183
183
183
183
183
188
188
188
188
188
188
188
188
188
188
188
187
187
187
187
187
184
184
184
184
184
184
187
187
187
187
187
189
189
189
189
189
185
185
185
185
185
185
179
179
179
179
179
187
187
187
187
187
192
192
192
192
192
192
182
182
182
182
182
181
181
181
181
181
186
186
186
186
186
186
181
181
181
181
181
181
181
181
181
181
183
183
183
183
183
183
182
182
182
182
182
182
182
182
182
182
178
178
178
178
178
178
179
179
179
179
179
182
182
182
182
182
180
180
180
180
180
180
177
177
177
177
177
178
178
178
178
178
179
179
179
179
179
179
178
178
178
178
178
178
178
178
178
178
172
172
172
172
172
172
178
178
178
178
178
175
175
175
175
175
178
178
178
178
178
178
175
175
175
175
175
174
174
174
174
174
175
175
175
175
175
175
177
177
177
177
177
174
174
174
174
174
177
177
177
177
177
177
171
171
171
171
171
172
172
172
172
172
173
173
173
173
173
173
173
173
173
173
173
174
174
174
174
174
170
170
170
170
170
170
173
173
173
173
173
171
171
171
171
171
170
170
170
170
170
170
172
172
172
172
172
173
173
173
173
173
167
167
167
167
167
167
170
170
170
170
170
173
173
173
173
173
170
170
170
170
170
170
174
174
174
174
174
172
172
172
172
172
161
161
161
161
161
161
163
163
163
163
163
161
161
161
161
161
169
169
169
169
169
169
164
164
164
164
164
168
168
168
168
168
166
166
166
166
166
166
166
166
166
166
166
155
155
155
155
155
169
169
169
169
169
169
169
169
169
169
170
170
170
170
170
161
161
161
161
161
161
168
168
168
168
168
161
161
161
161
161
168
168
168
168
168
168
168
168
168
168
168
165
165
165
165
165
166
166
166
166
166
166
165
165
165
165
165
163
163
163
163
163
166
166
166
166
166
166
166
166
166
166
166
170
170
170
170
170
176
176
176
176
176
176
171
171
171
171
171
171
171
171
171
171
174
174
174
174
174
174
174
174
174
174
174
177
177
177
177
177
173
173
173
173
173
173
176
176
176
176
176
173
173
173
173
173
176
176
176
176
176
176
182
182
182
182
182
175
175
175
175
175
180
180
180
180
180
180
175
175
175
175
175
173
173
173
173
173
175
175
175
175
175
175
175
175
175
175
175
177
177
177
177
177
180
180
180
180
180
180
174
174
174
174
174
178
178
178
178
178
173
173
173
173
173
173
176
176
176
176
176
174
174
174
174
174
176
176
176
176
176
176
180
180
180
180
180
179
179
179
179
179
183
183
183
183
183
183
179
179
179
179
179
181
181
181
181
181
182
182
182
182
182
182
182
182
182
182
182
177
177
177
177
177
187
187
187
187
187
187
182
182
182
182
182
175
175
175
175
175
180
180
180
180
180
180
178
178
178
178
178
172
172
172
172
172
175
175
175
175
175
175
179
179
179
179
179
179
179
179
179
179
182
182
182
182
182
182
183
183
183
183
183
181
181
181
181
181
180
180
180
180
180
180
180
180
180
180
180
183
183
183
183
183
187
187
187
187
187
187
186
186
186
186
186
180
180
180
180
180
177
177
177
177
177
177
180
180
180
180
180
175
175
175
175
175
182
182
182
182
182
182
177
177
177
177
177
180
180
180
180
180
178
178
178
178
178
178
181
181
181
181
181
179
179
179
179
179
174
174
174
174
174
174
179
179
179
179
179
171
171
171
171
171
176
176
176
176
176
176
168
168
168
168
168
176
176
176
176
176
183
183
183
183
183
183
178
178
178
178
178
176
176
176
176
176
179
179
179
179
179
179
182
182
182
182
182
177
177
177
177
177
179
179
179
179
179
179
171
171
171
171
171
174
174
174
174
174
163
163
163
163
163
163
172
172
172
172
172
169
169
169
169
169
172
172
172
172
172
172
168
168
168
168
168
178
178
178
178
178
173
173
173
173
173
173
170
170
170
170
170
168
168
168
168
168
172
172
172
172
172
172
172
172
172
172
172
166
166
166
166
166
170
170
170
170
170
170
169
169
169
169
169
165
165
165
165
165
169
169
169
169
169
169
151
151
151
151
151
165
165
165
165
165
157
157
157
157
157
157
162
162
162
162
162
164
164
164
164
164
165
165
165
165
165
165
162
162
162
162
162
158
158
158
158
158
167
167
167
167
167
167
159
159
159
159
159
172
172
172
172
172
145
145
145
145
145
145
161
161
161
161
161
164
164
164
164
164
161
161
161
161
161
161
159
159
159
159
159
175
175
175
175
175
166
166
166
166
166
166
161
161
161
161
161
165
165
165
165
165
156
156
156
156
156
156
167
167
167
167
167
159
159
159
159
159
159
159
159
159
159
159
158
158
158
158
158
147
147
147
147
147
160
160
160
160
160
160
164
164
164
164
164
170
170
170
170
170
146
146
146
146
146
146
144
144
144
144
144
156
156
156
156
156
154
154
154
154
154
154
146
146
146
146
146
155
155
155
155
155
157
157
157
157
157
157
142
142
142
142
142
148
148
148
148
148
152
152
152
152
152
152
159
159
159
159
159
145
145
145
145
145
143
143
143
143
143
143
149
149
149
149
149
138
138
138
138
138
150
150
150
150
150
150
143
143
143
143
143
139
139
139
139
139
149
149
149
149
149
149
127
127
127
127
127
131
131
131
131
131
141
141
141
141
141
141
134
134
134
134
134
136
136
136
136
136
129
129
129
129
129
129
130
130
130
130
130
139
139
139
139
139
136
136
136
136
136
136
127
127
127
127
127
137
137
137
137
137
132
132
132
132
132
132
136
136
136
136
136
130
130
130
130
130
137
137
137
137
137
137
137
137
137
137
137
138
138
138
138
138
132
132
132
132
132
132
135
135
135
135
135
150
150
150
150
150
134
134
134
134
134
134
146
146
146
146
146
144
144
144
144
144
146
146
146
146
146
146
144
144
144
144
144
150
150
150
150
150
149
149
149
149
149
149
151
151
151
151
151
153
153
153
153
153
158
158
158
158
158
158
157
157
157
157
157
154
154
154
154
154
148
148
148
148
148
148
154
154
154
154
154
153
153
153
153
153
159
159
159
159
159
159
154
154
154
154
154
160
160
160
160
160
152
152
152
152
152
152
160
160
160
160
160
150
150
150
150
150
155
155
155
155
155
155
156
156
156
156
156
157
157
157
157
157
154
154
154
154
154
154
155
155
155
155
155
161
161
161
161
161
153
153
153
153
153
153
152
152
152
152
152
157
157
157
157
157
166
166
166
166
166
166
150
150
150
150
150
153
153
153
153
153
155
155
155
155
155
155
151
151
151
151
151
148
148
148
148
148
155
155
155
155
155
155
157
157
157
157
157
165
165
165
165
165
163
163
163
163
163
163
157
157
157
157
157
159
159
159
159
159
161
161
161
161
161
161
140
140
140
140
140
156
156
156
156
156
151
151
151
151
151
151
161
161
161
161
161
156
156
156
156
156
156
156
156
156
156
156
147
147
147
147
147
154
154
154
154
154
154
154
154
154
154
154
145
145
145
145
145
148
148
148
148
148
150
150
150
150
150
150
149
149
149
149
149
144
144
144
144
144
144
144
144
144
144
144
135
135
135
135
135
137
137
137
137
137
126
126
126
126
126
126
135
135
135
135
135
126
126
126
126
126
138
138
138
138
138
138
123
123
123
123
123
132
132
132
132
132
122
122
122
122
122
122
123
123
123
123
123
124
124
124
124
124
124
124
124
124
124
124
137
137
137
137
137
128
128
128
128
128
133
133
133
133
133
133
136
136
136
136
136
131
131
131
131
131
138
138
138
138
138
138
145
145
145
145
145
143
143
143
143
143
146
146
146
146
146
146
144
144
144
144
144
145
145
145
145
145
144
144
144
144
144
144
164
164
164
164
164
155
155
155
155
155
157
157
157
157
157
157
165
165
165
165
165
164
164
164
164
164
167
167
167
167
167
167
176
176
176
176
176
169
169
169
169
169
182
182
182
182
182
182
180
180
180
180
180
176
176
176
176
176
179
179
179
179
179
179
193
193
193
193
193
176
176
176
176
176
187
187
187
187
187
187
189
189
189
189
189
176
176
176
176
176
184
184
184
184
184
184
182
182
182
182
182
181
181
181
181
181
174
174
174
174
174
174
177
177
177
177
177
179
179
179
179
179
188
188
188
188
188
188
175
175
175
175
175
173
173
173
173
173
161
161
161
161
161
161
176
176
176
176
176
169
169
169
169
169
172
172
172
172
172
172
170
170
170
170
170
160
160
160
160
160
168
168
168
168
168
168
162
162
162
162
162
172
172
172
172
172
159
159
159
159
159
159
163
163
163
163
163
166
166
166
166
166
157
157
157
157
157
157
160
160
160
160
160
151
151
151
151
151
159
159
159
159
159
159
161
161
161
161
161
149
149
149
149
149
139
139
139
139
139
139
142
142
142
142
142
144
144
144
144
144
127
127
127
127
127
127
121
121
121
121
121
131
131
131
131
131
130
130
130
130
130
130
136
136
136
136
136
144
144
144
144
144
160
160
160
160
160
160
166
166
166
166
166
183
183
183
183
183
191
191
191
191
191
191
186
186
186
186
186
191
191
191
191
191
165
165
165
165
165
165
166
166
166
166
166
163
163
163
163
163
149
149
149
149
149
149
146
146
146
146
146
138
138
138
138
138
130
130
130
130
130
130
128
128
128
128
128
120
120
120
120
120
109
109
109
109
109
109
96
96
96
96
96
82
82
82
82
82
62
62
62
62
62
62
51
51
51
51
51
48
48
48
48
48
36
36
36
36
36
36
22
22
22
22
22
6
6
6
6
6
0
0
0
0
0
0
0
0
0
0
0
0
0
0
0
0
0
0
0
0
0
0
5
5
5
5
5
45
45
45
45
45
107
107
107
107
107
107
172
172
172
172
172
286
286
286
286
286
389
389
389
389
389
389
497
497
497
497
497
571
571
571
571
571
699
699
699
699
699
699
780
780
780
780
780
826
826
826
826
826
796
796
796
796
796
796
779
779
779
779
779
716
716
716
716
716
643
643
643
643
643
643
560
560
560
560
560
495
495
495
495
495
429
429
429
429
429
429
362
362
362
362
362
297
297
297
297
297
273
273
273
273
273
273
232
232
232
232
232
207
207
207
207
207
187
187
187
187
187
187
164
164
164
164
164
152
152
152
152
152
132
132
132
132
132
132
114
114
114
114
114
87
87
87
87
87
95
95
95
95
95
95
100
100
100
100
100
110
110
110
110
110
148
148
148
148
148
148
186
186
186
186
186
243
243
243
243
243
323
323
323
323
323
323
386
386
386
386
386
464
464
464
464
464
524
524
524
524
524
524
586
586
586
586
586
639
639
639
639
639
680
680
680
680
680
680
718
718
718
718
718
739
739
739
739
739
716
716
716
716
716
716
705
705
705
705
705
617
617
617
617
617
469
469
469
469
469
469
306
306
306
306
306
137
137
137
137
137
3
3
3
3
3
3
0
0
0
0
0
0
0
0
0
0
0
0
0
0
0
0
0
0
0
0
0
0
0
0
0
0
0
0
0
0
0
0
0
0
0
0
0
0
0
0
0
0
0
0
0
0
0
0
0
0
0
0
0
0
0
0
0
0
0
0
0
0
0
0
18
18
18
18
18
97
97
97
97
97
176
176
176
176
176
176
289
289
289
289
289
391
391
391
391
391
485
485
485
485
485
485
546
546
546
546
546
579
579
579
579
579
601
601
601
601
601
601
604
604
604
604
604
618
618
618
618
618
608
608
608
608
608
608
587
587
587
587
587
554
554
554
554
554
473
473
473
473
473
473
388
388
388
388
388
257
257
257
257
257
110
110
110
110
110
110
0
0
0
0
0
0
0
0
0
0
0
0
0
0
0
0
0
0
0
0
0
0
0
0
0
0
0
0
0
0
0
0
0
0
0
0
0
0
0
0
0
0
0
0
0
0
0
0
0
0
0
0
0
0
0
0
0
0
0
0
0
0
0
0
0
0
0
0
0
0
0
0
0
0
0
0
0
0
0
0
0
0
0
0
0
0
0
0
0
0
0
0
0
0
0
0
0
0
0
0
0
0
0
0
0
0
0
0
0
0
0
0
0
0
0
0
0
0
0
0
0
0
0
0
0
0
0
0
0
0
0
0
0
0
0
0
0
0
19
19
19
19
19
19
129
129
129
129
129
291
291
291
291
291
520
520
520
520
520
520
742
742
742
742
742
941
941
941
941
941
1134
1134
1134
1134
1134
1134
1159
1159
1159
1159
1159
1092
1092
1092
1092
1092
904
904
904
904
904
904
797
797
797
797
797
696
696
696
696
696
662
662
662
662
662
662
669
669
669
669
669
726
726
726
726
726
788
788
788
788
788
788
791
791
791
791
791
758
758
758
758
758
658
658
658
658
658
658
532
532
532
532
532
408
408
408
408
408
282
282
282
282
282
282
209
209
209
209
209
165
165
165
165
165
149
149
149
149
149
149
152
152
152
152
152
150
150
150
150
150
146
146
146
146
146
146
123
123
123
123
123
82
82
82
82
82
16
16
16
16
16
16
0
0
0
0
0
0
0
0
0
0
0
0
0
0
0
0
0
0
0
0
0
0
0
0
0
0
0
0
0
0
0
0
0
0
0
0
0
0
0
0
0
0
0
0
0
0
0
0
63
63
63
63
63
177
177
177
177
177
309
309
309
309
309
309
442
442
442
442
442
555
555
555
555
555
657
657
657
657
657
657
728
728
728
728
728
787
787
787
787
787
818
818
818
818
818
818
843
843
843
843
843
828
828
828
828
828
779
779
779
779
779
779
727
727
727
727
727
635
635
635
635
635
546
546
546
546
546
546
446
446
446
446
446
360
360
360
360
360
277
277
277
277
277
277
242
242
242
242
242
207
207
207
207
207
166
166
166
166
166
166
129
129
129
129
129
98
98
98
98
98
58
58
58
58
58
58
29
29
29
29
29
12
12
12
12
12
0
0
0
0
0
0
0
0
0
0
0
0
0
0
0
0
0
0
0
0
0
0
0
0
0
0
0
0
0
0
0
0
0
0
0
0
0
0
0
0
0
0
0
0
0
0
0
0
0
0
0
0
0
0
0
0
0
0
0
0
0
0
0
0
0
0
0
0
0
0
0
0
0
0
25
25
25
25
25
27
27
27
27
27
27
39
39
39
39
39
50
50
50
50
50
70
70
70
70
70
70
76
76
76
76
76
102
102
102
102
102
95
95
95
95
95
95
54
54
54
54
54
15
15
15
15
15
0
0
0
0
0
0
0
0
0
0
0
0
0
0
0
0
0
0
0
0
0
0
0
0
0
0
0
0
0
0
0
0
0
0
0
0
0
0
0
0
0
0
0
0
0
0
0
0
0
0
0
0
0
0
0
0
0
0
0
0
0
0
0
0
0
0
0
0
0
0
0
0
0
0
0
0
0
0
0
0
0
0
0
0
0
0
0
0
0
0
0
76
76
76
76
76
212
212
212
212
212
212
337
337
337
337
337
457
457
457
457
457
599
599
599
599
599
599
735
735
735
735
735
868
868
868
868
868
1057
1057
1057
1057
1057
1057
1208
1208
1208
1208
1208
1305
1305
1305
1305
1305
1376
1376
1376
1376
1376
1376
1405
1405
1405
1405
1405
1391
1391
1391
1391
1391
1309
1309
1309
1309
1309
1309
1176
1176
1176
1176
1176
943
943
943
943
943
768
768
768
768
768
768
585
585
585
585
585
408
408
408
408
408
255
255
255
255
255
255
125
125
125
125
125
35
35
35
35
35
0
0
0
0
0
0
0
0
0
0
0
0
0
0
0
0
0
0
0
0
0
0
0
0
0
0
0
0
0
0
0
0
0
0
0
0
0
0
0
0
0
0
0
0
0
0
0
0
0
0
0
0
0
0
0
0
0
0
0
0
0
0
0
0
0
0
0
0
0
0
0
0
0
0
0
0
0
0
0
0
0
0
0
0
0
0
0
0
0
0
0
0
0
0
0
0
18
18
18
18
18
18
59
59
59
59
59
95
95
95
95
95
99
99
99
99
99
99
119
119
119
119
119
112
112
112
112
112
88
88
88
88
88
88
65
65
65
65
65
44
44
44
44
44
21
21
21
21
21
21
48
48
48
48
48
67
67
67
67
67
71
71
71
71
71
71
79
79
79
79
79
313
313
313
313
313
327
327
327
327
327
327
327
327
327
327
327
348
348
348
348
348
366
366
366
366
366
366
384
384
384
384
384
401
401
401
401
401
397
397
397
397
397
397
387
387
387
387
387
371
371
371
371
371
331
331
331
331
331
331
300
300
300
300
300
276
276
276
276
276
241
241
241
241
241
241
205
205
205
205
205
165
165
165
165
165
121
121
121
121
121
121
70
70
70
70
70
9
9
9
9
9
0
0
0
0
0
0
0
0
0
0
0
0
0
0
0
0
0
0
0
0
0
0
0
0
0
0
0
0
0
0
0
0
0
0
0
0
0
0
0
0
0
0
0
12
12
12
12
12
58
58
58
58
58
58
101
101
101
101
101
152
152
152
152
152
204
204
204
204
204
204
259
259
259
259
259
308
308
308
308
308
344
344
344
344
344
344
358
358
358
358
358
361
361
361
361
361
378
378
378
378
378
378
371
371
371
371
371
375
375
375
375
375
357
357
357
357
357
357
335
335
335
335
335
295
295
295
295
295
240
240
240
240
240
240
174
174
174
174
174
119
119
119
119
119
51
51
51
51
51
51
34
34
34
34
34
19
19
19
19
19
17
17
17
17
17
17
24
24
24
24
24
42
42
42
42
42
78
78
78
78
78
78
121
121
121
121
121
168
168
168
168
168
219
219
219
219
219
219
275
275
275
275
275
304
304
304
304
304
345
345
345
345
345
345
387
387
387
387
387
401
401
401
401
401
421
421
421
421
421
421
445
445
445
445
445
448
448
448
448
448
438
438
438
438
438
438
404
404
404
404
404
347
347
347
347
347
292
292
292
292
292
292
246
246
246
246
246
201
201
201
201
201
173
173
173
173
173
173
146
146
146
146
146
123
123
123
123
123
104
104
104
104
104
104
92
92
92
92
92
80
80
80
80
80
81
81
81
81
81
81
67
67
67
67
67
81
81
81
81
81
86
86
86
86
86
86
103
103
103
103
103
128
128
128
128
128
173
173
173
173
173
173
203
203
203
203
203
238
238
238
238
238
241
241
241
241
241
241
275
275
275
275
275
274
274
274
274
274
256
256
256
256
256
256
258
258
258
258
258
228
228
228
228
228
218
218
218
218
218
218
204
204
204
204
204
187
187
187
187
187
187
187
187
187
187
187
184
184
184
184
184
172
172
172
172
172
176
176
176
176
176
176
173
173
173
173
173
190
190
190
190
190
186
186
186
186
186
186
190
190
190
190
190
203
203
203
203
203
223
223
223
223
223
223
268
268
268
268
268
301
301
301
301
301
337
337
337
337
337
337
366
366
366
366
366
372
372
372
372
372
369
369
369
369
369
369
363
363
363
363
363
346
346
346
346
346
318
318
318
318
318
318
286
286
286
286
286
261
261
261
261
261
244
244
244
244
244
244
202
202
202
202
202
164
164
164
164
164
127
127
127
127
127
127
94
94
94
94
94
64
64
64
64
64
29
29
29
29
29
29
23
23
23
23
23
23
23
23
23
23
29
29
29
29
29
29
43
43
43
43
43
63
63
63
63
63
85
85
85
85
85
85
99
99
99
99
99
107
107
107
107
107
102
102
102
102
102
102
105
105
105
105
105
103
103
103
103
103
100
100
100
100
100
100
102
102
102
102
102
120
120
120
120
120
130
130
130
130
130
130
159
159
159
159
159
177
177
177
177
177
208
208
208
208
208
208
213
213
213
213
213
225
225
225
225
225
239
239
239
239
239
239
240
240
240
240
240
252
252
252
252
252
265
265
265
265
265
265
278
278
278
278
278
277
277
277
277
277
304
304
304
304
304
304
300
300
300
300
300
303
303
303
303
303
299
299
299
299
299
299
295
295
295
295
295
270
270
270
270
270
257
257
257
257
257
257
267
267
267
267
267
257
257
257
257
257
250
250
250
250
250
250
246
246
246
246
246
222
222
222
222
222
215
215
215
215
215
215
192
192
192
192
192
178
178
178
178
178
154
154
154
154
154
154
142
142
142
142
142
137
137
137
137
137
144
144
144
144
144
144
144
144
144
144
144
165
165
165
165
165
157
157
157
157
157
157
156
156
156
156
156
154
154
154
154
154
146
146
146
146
146
146
133
133
133
133
133
127
127
127
127
127
122
122
122
122
122
122
117
117
117
117
117
113
113
113
113
113
119
119
119
119
119
119
123
123
123
123
123
120
120
120
120
120
133
133
133
133
133
133
134
134
134
134
134
135
135
135
135
135
135
135
135
135
135
135
146
146
146
146
146
157
157
157
157
157
172
172
172
172
172
172
193
193
193
193
193
221
221
221
221
221
243
243
243
243
243
243
276
276
276
276
276
304
304
304
304
304
326
326
326
326
326
326
351
351
351
351
351
351
351
351
351
351
340
340
340
340
340
340
328
328
328
328
328
310
310
310
310
310
294
294
294
294
294
294
250
250
250
250
250
242
242
242
242
242
231
231
231
231
231
231
214
214
214
214
214
197
197
197
197
197
177
177
177
177
177
177
160
160
160
160
160
152
152
152
152
152
136
136
136
136
136
136
121
121
121
121
121
114
114
114
114
114
124
124
124
124
124
124
122
122
122
122
122
146
146
146
146
146
152
152
152
152
152
152
180
180
180
180
180
181
181
181
181
181
178
178
178
178
178
178
168
168
168
168
168
154
154
154
154
154
146
146
146
146
146
146
137
137
137
137
137
125
125
125
125
125
114
114
114
114
114
114
115
115
115
115
115
117
117
117
117
117
114
114
114
114
114
114
117
117
117
117
117
114
114
114
114
114
97
97
97
97
97
97
81
81
81
81
81
75
75
75
75
75
68
68
68
68
68
68
66
66
66
66
66
67
67
67
67
67
72
72
72
72
72
72
80
80
80
80
80
101
101
101
101
101
115
115
115
115
115
115
132
132
132
132
132
148
148
148
148
148
166
166