404
404
404
404
404
404
395
395
395
395
395
407
407
407
407
407
390
390
390
390
390
390
418
418
418
418
418
399
399
399
399
399
394
394
394
394
394
394
400
400
400
400
400
407
407
407
407
407
415
415
415
415
415
415
407
407
407
407
407
395
395
395
395
395
414
414
414
414
414
414
414
414
414
414
414
410
410
410
410
410
415
415
415
415
415
415
406
406
406
406
406
411
411
411
411
411
410
410
410
410
410
410
391
391
391
391
391
414
414
414
414
414
428
428
428
428
428
428
404
404
404
404
404
403
403
403
403
403
404
404
404
404
404
404
409
409
409
409
409
402
402
402
402
402
412
412
412
412
412
412
412
412
412
412
412
420
420
420
420
420
408
408
408
408
408
408
417
417
417
417
417
398
398
398
398
398
407
407
407
407
407
407
424
424
424
424
424
409
409
409
409
409
420
420
420
420
420
420
416
416
416
416
416
415
415
415
415
415
415
415
415
415
415
415
410
410
410
410
410
406
406
406
406
406
404
404
404
404
404
404
407
407
407
407
407
406
406
406
406
406
404
404
404
404
404
404
413
413
413
413
413
417
417
417
417
417
410
410
410
410
410
410
404
404
404
404
404
425
425
425
425
425
431
431
431
431
431
431
421
421
421
421
421
447
447
447
447
447
443
443
443
443
443
443
430
430
430
430
430
429
429
429
429
429
403
403
403
403
403
403
423
423
423
423
423
428
428
428
428
428
401
401
401
401
401
401
406
406
406
406
406
409
409
409
409
409
403
403
403
403
403
403
393
393
393
393
393
387
387
387
387
387
395
395
395
395
395
395
402
402
402
402
402
392
392
392
392
392
409
409
409
409
409
409
442
442
442
442
442
447
447
447
447
447
454
454
454
454
454
454
457
457
457
457
457
461
461
461
461
461
470
470
470
470
470
470
458
458
458
458
458
447
447
447
447
447
410
410
410
410
410
410
396
396
396
396
396
371
371
371
371
371
357
357
357
357
357
357
353
353
353
353
353
341
341
341
341
341
334
334
334
334
334
334
323
323
323
323
323
337
337
337
337
337
347
347
347
347
347
347
362
362
362
362
362
394
394
394
394
394
414
414
414
414
414
414
479
479
479
479
479
544
544
544
544
544
606
606
606
606
606
606
657
657
657
657
657
606
606
606
606
606
543
543
543
543
543
543
482
482
482
482
482
420
420
420
420
420
404
404
404
404
404
404
384
384
384
384
384
368
368
368
368
368
365
365
365
365
365
365
365
365
365
365
365
355
355
355
355
355
376
376
376
376
376
376
410
410
410
410
410
392
392
392
392
392
434
434
434
434
434
434
432
432
432
432
432
443
443
443
443
443
415
415
415
415
415
415
420
420
420
420
420
428
428
428
428
428
398
398
398
398
398
398
385
385
385
385
385
382
382
382
382
382
381
381
381
381
381
381
375
375
375
375
375
383
383
383
383
383
392
392
392
392
392
392
387
387
387
387
387
398
398
398
398
398
393
393
393
393
393
393
405
405
405
405
405
401
401
401
401
401
429
429
429
429
429
429
408
408
408
408
408
434
434
434
434
434
421
421
421
421
421
421
445
445
445
445
445
440
440
440
440
440
451
451
451
451
451
451
430
430
430
430
430
406
406
406
406
406
433
433
433
433
433
433
438
438
438
438
438
445
445
445
445
445
486
486
486
486
486
486
510
510
510
510
510
568
568
568
568
568
705
705
705
705
705
705
837
837
837
837
837
901
901
901
901
901
893
893
893
893
893
893
752
752
752
752
752
556
556
556
556
556
431
431
431
431
431
431
375
375
375
375
375
352
352
352
352
352
322
322
322
322
322
322
330
330
330
330
330
302
302
302
302
302
301
301
301
301
301
301
312
312
312
312
312
331
331
331
331
331
335
335
335
335
335
335
358
358
358
358
358
372
372
372
372
372
426
426
426
426
426
426
452
452
452
452
452
517
517
517
517
517
502
502
502
502
502
502
495
495
495
495
495
510
510
510
510
510
468
468
468
468
468
468
459
459
459
459
459
439
439
439
439
439
442
442
442
442
442
442
411
411
411
411
411
388
388
388
388
388
382
382
382
382
382
382
379
379
379
379
379
380
380
380
380
380
396
396
396
396
396
396
435
435
435
435
435
500
500
500
500
500
644
644
644
644
644
644
806
806
806
806
806
969
969
969
969
969
1039
1039
1039
1039
1039
1039
1032
1032
1032
1032
1032
1001
1001
1001
1001
1001
862
862
862
862
862
862
665
665
665
665
665
530
530
530
530
530
444
444
444
444
444
444
399
399
399
399
399
366
366
366
366
335
335
335
335
335
335
305
305
305
305
305
305
305
305
305
305
279
279
279
279
279
279
283
283
283
283
283
280
280
280
280
280
277
277
277
277
277
277
286
286
286
286
286
293
293
293
293
293
312
312
312
312
312
312
391
391
391
391
391
1053
1053
1053
1053
1053
2140
2140
2140
2140
2140
2140
2488
2488
2488
2488
2488
2505
2505
2505
2505
2505
2528
2528
2528
2528
2528
2528
2529
2529
2529
2529
2529
2464
2464
2464
2464
2464
2176
2176
2176
2176
2176
2176
1485
1485
1485
1485
1485
698
698
698
698
698
388
388
388
388
388
388
324
324
324
324
324
297
297
297
297
297
276
276
276
276
276
276
283
283
283
283
283
287
287
287
287
287
285
285
285
285
285
285
291
291
291
291
291
307
307
307
307
307
346
346
346
346
346
346
515
515
515
515
515
1421
1421
1421
1421
1421
2251
2251
2251
2251
2251
2251
2515
2515
2515
2515
2515
2532
2532
2532
2532
2532
2543
2543
2543
2543
2543
2543
2512
2512
2512
2512
2512
2511
2511
2511
2511
2511
2485
2485
2485
2485
2485
2485
2319
2319
2319
2319
2319
1813
1813
1813
1813
1813
1018
1018
1018
1018
1018
1018
465
465
465
465
465
362
362
362
362
362
327
327
327
327
327
327
328
328
328
328
328
343
343
343
343
343
364
364
364
364
364
364
391
391
391
391
391
470
470
470
470
470
560
560
560
560
560
560
645
645
645
645
645
699
699
699
699
699
681
681
681
681
681
681
730
730
730
730
730
805
805
805
805
805
904
904
904
904
904
904
884
884
884
884
884
856
856
856
856
856
823
823
823
823
823
823
723
723
723
723
723
479
479
479
479
479
367
367
367
367
367
367
336
336
336
336
336
311
311
311
311
311
291
291
291
291
291
291
292
292
292
292
292
288
288
288
288
288
325
325
325
325
325
325
376
376
376
376
376
728
728
728
728
728
1672
1672
1672
1672
1672
1672
2272
2272
2272
2272
2272
2396
2396
2396
2396
2396
2375
2375
2375
2375
2375
2375
2102
2102
2102
2102
2102
1660
1660
1660
1660
1660
1281
1281
1281
1281
1281
1281
1003
1003
1003
1003
1003
901
901
901
901
901
787
787
787
787
787
787
703
703
703
703
703
542
542
542
542
542
454
454
454
454
454
454
432
432
432
432
432
409
409
409
409
409
406
406
406
406
406
406
394
394
394
394
394
386
386
386
386
386
440
440
440
440
440
440
674
674
674
674
674
870
870
870
870
870
1025
1025
1025
1025
1025
1025
1276
1276
1276
1276
1276
1614
1614
1614
1614
1614
1784
1784
1784
1784
1784
1784
1596
1596
1596
1596
1596
1378
1378
1378
1378
1378
1111
1111
1111
1111
1111
1111
877
877
877
877
877
612
612
612
612
612
481
481
481
481
481
481
427
427
427
427
427
399
399
399
399
399
400
400
400
400
400
400
405
405
405
405
405
393
393
393
393
393
376
376
376
376
376
376
353
353
353
353
353
345
345
345
345
345
341
341
341
341
341
341
332
332
332
332
332
345
345
345
345
345
347
347
347
347
347
347
376
376
376
376
376
424
424
424
424
424
580
580
580
580
580
580
795
795
795
795
795
986
986
986
986
986
1072
1072
1072
1072
1072
1072
948
948
948
948
948
738
738
738
738
738
514
514
514
514
514
514
414
414
414
414
414
384
384
384
384
384
391
391
391
391
391
391
416
416
416
416
416
497
497
497
497
497
592
592
592
592
592
592
769
769
769
769
769
991
991
991
991
991
1120
1120
1120
1120
1120
1120
1046
1046
1046
1046
1046
919
919
919
919
919
642
642
642
642
642
642
521
521
521
521
521
464
464
464
464
464
467
467
467
467
467
467
510
510
510
510
510
606
606
606
606
606
661
661
661
661
661
661
738
738
738
738
738
814
814
814
814
814
860
860
860
860
860
860
818
818
818
818
818
586
586
586
586
586
474
474
474
474
474
474
421
421
421
421
421
444
444
444
444
444
449
449
449
449
449
449
505
505
505
505
505
505
505
505
505
505
532
532
532
532
532
532
528
528
528
528
528
501
501
501
501
501
449
449
449
449
449
449
422
422
422
422
422
391
391
391
391
391
385
385
385
385
385
385
392
392
392
392
392
395
395
395
395
395
440
440
440
440
440
440
476
476
476
476
476
504
504
504
504
504
518
518
518
518
518
518
539
539
539
539
539
504
504
504
504
504
477
477
477
477
477
477
433
433
433
433
433
427
427
427
427
427
428
428
428
428
428
428
433
433
433
433
433
462
462
462
462
462
484
484
484
484
484
484
566
566
566
566
566
684
684
684
684
684
764
764
764
764
764
764
764
764
764
764
764
763
763
763
763
763
714
714
714
714
714
714
608
608
608
608
608
576
576
576
576
576
511
511
511
511
511
511
495
495
495
495
495
472
472
472
472
472
463
463
463
463
463
463
465
465
465
465
465
455
455
455
455
455
483
483
483
483
483
483
491
491
491
491
491
519
519
519
519
519
545
545
545
545
545
545
561
561
561
561
561
626
626
626
626
626
600
600
600
600
600
600
616
616
616
616
616
556
556
556
556
556
533
533
533
533
533
533
517
517
517
517
517
489
489
489
489
489
479
479
479
479
479
479
469
469
469
469
469
465
465
465
465
465
504
504
504
504
504
504
494
494
494
494
494
504
504
504
504
504
490
490
490
490
490
490
493
493
493
493
493
462
462
462
462
462
426
426
426
426
426
426
423
423
423
423
423
407
407
407
407
407
428
428
428
428
428
428
421
421
421
421
421
439
439
439
439
439
457
457
457
457
457
457
494
494
494
494
494
500
500
500
500
500
524
524
524
524
524
524
587
587
587
587
587
632
632
632
632
632
699
699
699
699
699
699
741
741
741
741
741
748
748
748
748
748
783
783
783
783
783
783
778
778
778
778
778
739
739
739
739
739
672
672
672
672
672
672
584
584
584
584
584
529
529
529
529
529
472
472
472
472
472
472
451
451
451
451
451
416
416
416
416
416
412
412
412
412
412
412
395
395
395
395
395
398
398
398
398
398
426
426
426
426
426
426
441
441
441
441
441
520
520
520
520
520
552
552
552
552
552
552
626
626
626
626
626
732
732
732
732
732
724
724
724
724
724
724
692
692
692
692
692
632
632
632
632
632
559
559
559
559
559
559
488
488
488
488
488
477
477
477
477
477
440
440
440
440
440
440
462
462
462
462
462
458
458
458
458
458
450
450
450
450
450
450
446
446
446
446
446
467
467
467
467
467
469
469
469
469
469
469
454
454
454
454
454
426
426
426
426
426
443
443
443
443
443
443
435
435
435
435
435
440
440
440
440
440
449
449
449
449
449
449
487
487
487
487
487
540
540
540
540
540
623
623
623
623
623
623
680
680
680
680
680
738
738
738
738
738
820
820
820
820
820
820
844
844
844
844
844
851
851
851
851
851
724
724
724
724
724
724
613
613
613
613
613
549
549
549
549
549
461
461
461
461
461
461
424
424
424
424
424
409
409
409
409
409
401
401
401
401
401
401
409
409
409
409
409
407
407
407
407
407
416
416
416
416
416
416
432
432
432
432
432
511
511
511
511
511
573
573
573
573
573
573
642
642
642
642
642
642
642
642
642
642
624
624
624
624
624
624
605
605
605
605
605
547
547
547
547
547
521
521
521
521
521
521
498
498
498
498
498
474
474
474
474
474
468
468
468
468
468
468
473
473
473
473
473
480
480
480
480
480
484
484
484
484
484
484
505
505
505
505
505
533
533
533
533
533
585
585
585
585
585
585
609
609
609
609
609
553
553
553
553
553
522
522
522
522
522
522
476
476
476
476
476
447
447
447
447
447
441
441
441
441
441
441
449
449
449
449
449
458
458
458
458
458
472
472
472
472
472
472
508
508
508
508
508
583
583
583
583
583
651
651
651
651
651
651
708
708
708
708
708
658
658
658
658
658
594
594
594
594
594
594
517
517
517
517
517
478
478
478
478
478
450
450
450
450
450
450
458
458
458
458
458
453
453
453
453
453
456
456
456
456
456
456
499
499
499
499
499
522
522
522
522
522
564
564
564
564
564
564
578
578
578
578
578
589
589
589
589
589
593
593
593
593
593
593
539
539
539
539
539
509
509
509
509
509
495
495
495
495
495
495
473
473
473
473
473
478
478
478
478
478
468
468
468
468
468
468
466
466
466
466
466
474
474
474
474
474
496
496
496
496
496
496
510
510
510
510
510
538
538
538
538
538
575
575
575
575
575
575
565
565
565
565
565
570
570
570
570
570
535
535
535
535
535
535
506
506
506
506
506
496
496
496
496
496
466
466
466
466
466
466
465
465
465
465
465
460
460
460
460
460
465
465
465
465
465
465
477
477
477
477
477
503
503
503
503
503
541
541
541
541
541
541
583
583
583
583
583
601
601
601
601
601
619
619
619
619
619
619
596
596
596
596
596
553
553
553
553
553
509
509
509
509
509
509
473
473
473
473
473
461
461
461
461
461
447
447
447
447
447
447
456
456
456
456
456
458
458
458
458
458
467
467
467
467
467
467
497
497
497
497
497
538
538
538
538
538
556
556
556
556
556
556
556
556
556
556
556
546
546
546
546
546
518
518
518
518
518
518
495
495
495
495
495
483
483
483
483
483
473
473
473
473
473
473
479
479
479
479
479
489
489
489
489
489
496
496
496
496
496
496
506
506
506
506
506
524
524
524
524
524
515
515
515
515
515
515
537
537
537
537
537
546
546
546
546
546
515
515
515
515
515
515
501
501
501
501
501
481
481
481
481
481
465
465
465
465
465
465
462
462
462
462
462
455
455
455
455
455
445
445
445
445
445
445
453
453
453
453
453
470
470
470
470
470
474
474
474
474
474
474
492
492
492
492
492
513
513
513
513
513
537
537
537
537
537
537
552
552
552
552
552
549
549
549
549
549
521
521
521
521
521
521
508
508
508
508
508
503
503
503
503
503
510
510
510
510
510
510
519
519
519
519
519
527
527
527
527
527
539
539
539
539
539
539
551
551
551
551
551
555
555
555
555
555
542
542
542
542
542
542
550
550
550
550
550
527
527
527
527
527
519
519
519
519
519
519
508
508
508
508
508
508
508
508
508
508
507
507
507
507
507
507
525
525
525
525
525
547
547
547
547
547
553
553
553
553
553
553
557
557
557
557
557
573
573
573
573
573
559
559
559
559
559
559
569
569
569
569
569
541
541
541
541
541
532
532
532
532
532
532
505
505
505
505
505
483
483
483
483
483
462
462
462
462
462
462
475
475
475
475
475
475
475
475
475
475
485
485
485
485
485
485
482
482
482
482
482
483
483
483
483
483
496
496
496
496
496
496
496
496
496
496
496
495
495
495
495
495
501
501
501
501
501
501
460
460
460
460
460
467
467
467
467
467
447
447
447
447
447
447
444
444
444
444
444
433
433
433
433
433
427
427
427
427
427
427
425
425
425
425
425
440
440
440
440
440
448
448
448
448
448
448
465
465
465
465
465
498
498
498
498
498
522
522
522
522
522
522
531
531
531
531
531
526
526
526
526
526
496
496
496
496
496
496
470
470
470
470
470
455
455
455
455
455
430
430
430
430
430
430
438
438
438
438
438
440
440
440
440
440
453
453
453
453
453
453
459
459
459
459
459
460
460
460
460
460
484
484
484
484
484
484
486
486
486
486
486
484
484
484
484
484
498
498
498
498
498
498
503
503
503
503
503
515
515
515
515
515
520
520
520
520
520
520
515
515
515
515
515
517
517
517
517
517
519
519
519
519
519
519
526
526
526
526
526
526
526
526
526
526
533
533
533
533
533
533
546
546
546
546
546
575
575
575
575
575
599
599
599
599
599
599
627
627
627
627
627
636
636
636
636
636
621
621
621
621
621
621
633
633
633
633
633
589
589
589
589
589
575
575
575
575
575
575
531
531
531
531
531
514
514
514
514
514
505
505
505
505
505
505
496
496
496
496
496
494
494
494
494
494
512
512
512
512
512
512
535
535
535
535
535
535
535
535
535
535
547
547
547
547
547
547
543
543
543
543
543
520
520
520
520
520
478
478
478
478
478
478
473
473
473
473
473
440
440
440
440
440
429
429
429
429
429
429
422
422
422
422
422
420
420
420
420
420
430
430
430
430
430
430
440
440
440
440
440
467
467
467
467
467
493
493
493
493
493
493
557
557
557
557
557
586
586
586
586
586
649
649
649
649
649
649
643
643
643
643
643
598
598
598
598
598
527
527
527
527
527
527
480
480
480
480
480
432
432
432
432
432
426
426
426
426
426
426
416
416
416
416
416
403
403
403
403
403
401
401
401
401
401
401
425
425
425
425
425
419
419
419
419
419
461
461
461
461
461
461
493
493
493
493
493
548
548
548
548
548
640
640
640
640
640
640
702
702
702
702
702
724
724
724
724
724
743
743
743
743
743
743
701
701
701
701
701
649
649
649
649
649
576
576
576
576
576
576
572
572
572
572
572
537
537
537
537
537
532
532
532
532
532
532
507
507
507
507
507
542
542
542
542
542
543
543
543
543
543
543
604
604
604
604
604
587
587
587
587
587
563
563
563
563
563
563
550
550
550
550
550
519
519
519
519
519
507
507
507
507
507
507
482
482
482
482
482
473
473
473
473
473
490
490
490
490
490
490
505
505
505
505
505
553
553
553
553
553
582
582
582
582
582
582
615
615
615
615
615
639
639
639
639
639
610
610
610
610
610
610
560
560
560
560
560
491
491
491
491
491
458
458
458
458
458
458
425
425
425
425
425
402
402
402
402
402
421
421
421
421
421
421
393
393
393
393
393
397
397
397
397
397
421
421
421
421
421
421
450
450
450
450
450
514
514
514
514
514
525
525
525
525
525
525
564
564
564
564
564
563
563
563
563
563
571
571
571
571
571
571
526
526
526
526
526
474
474
474
474
474
462
462
462
462
462
462
433
433
433
433
433
420
420
420
420
420
419
419
419
419
419
419
431
431
431
431
431
460
460
460
460
460
491
491
491
491
491
491
542
542
542
542
542
556
556
556
556
556
565
565
565
565
565
565
547
547
547
547
547
524
524
524
524
524
472
472
472
472
472
472
441
441
441
441
441
417
417
417
417
417
451
451
451
451
451
451
429
429
429
429
429
469
469
469
469
469
531
531
531
531
531
531
681
681
681
681
681
843
843
843
843
843
986
986
986
986
986
986
1032
1032
1032
1032
1032
992
992
992
992
992
964
964
964
964
964
964
780
780
780
780
780
599
599
599
599
599
489
489
489
489
489
489
451
451
451
451
451
420
420
420
420
420
410
410
410
410
410
410
395
395
395
395
395
425
425
425
425
425
423
423
423
423
423
423
431
431
431
431
431
471
471
471
471
471
489
489
489
489
489
489
510
510
510
510
510
522
522
522
522
522
498
498
498
498
498
498
491
491
491
491
491
517
517
517
517
517
479
479
479
479
479
479
471
471
471
471
471
463
463
463
463
463
465
465
465
465
465
465
476
476
476
476
476
486
486
486
486
486
495
495
495
495
495
495
525
525
525
525
525
551
551
551
551
551
552
552
552
552
552
552
535
535
535
535
535
507
507
507
507
507
518
518
518
518
518
518
508
508
508
508
508
491
491
491
491
491
440
440
440
440
440
440
454
454
454
454
454
429
429
429
429
429
444
444
444
444
444
444
458
458
458
458
458
447
447
447
447
447
484
484
484
484
484
484
474
474
474
474
474
506
506
506
506
506
514
514
514
514
514
514
573
573
573
573
573
539
539
539
539
539
560
560
560
560
560
560
534
534
534
534
534
506
506
506
506
506
466
466
466
466
466
466
490
490
490
490
490
458
458
458
458
458
463
463
463
463
463
463
462
462
462
462
462
516
516
516
516
516
531
531
531
531
531
531
536
536
536
536
536
571
571
571
571
571
557
557
557
557
557
557
559
559
559
559
559
550
550
550
550
550
498
498
498
498
498
498
472
472
472
472
472
484
484
484
484
484
444
444
444
444
444
444
434
434
434
434
434
430
430
430
430
430
418
418
418
418
418
418
451
451
451
451
451
447
447
447
447
447
467
467
467
467
467
467
491
491
491
491
491
494
494
494
494
494
521
521
521
521
521
521
539
539
539
539
539
543
543
543
543
543
552
552
552
552
552
552
513
513
513
513
513
517
517
517
517
517
516
516
516
516
516
516
516
516
516
516
516
500
500
500
500
500
507
507
507
507
507
507
494
494
494
494
494
468
468
468
468
468
486
486
486
486
486
486
486
486
486
486
486
470
470
470
470
470
455
455
455
455
455
455
461
461
461
461
461
457
457
457
457
457
468
468
468
468
468
468
474
474
474
474
474
495
495
495
495
495
494
494
494
494
494
494
517
517
517
517
517
535
535
535
535
535
552
552
552
552
552
552
587
587
587
587
587
603
603
603
603
603
593
593
593
593
593
593
586
586
586
586
586
547
547
547
547
547
586
586
586
586
586
586
549
549
549
549
549
544
544
544
544
544
536
536
536
536
536
536
528
528
528
528
528
513
513
513
513
513
488
488
488
488
488
488
467
467
467
467
467
467
467
467
467
467
466
466
466
466
466
466
475
475
475
475
475
487
487
487
487
487
492
492
492
492
492
492
503
503
503
503
503
518
518
518
518
518
569
569
569
569
569
569
534
534
534
534
534
533
533
533
533
533
534
534
534
534
534
534
529
529
529
529
529
519
519
519
519
519
486
486
486
486
486
486
474
474
474
474
474
479
479
479
479
479
475
475
475
475
475
475
460
460
460
460
460
467
467
467
467
467
480
480
480
480
480
480
487
487
487
487
487
495
495
495
495
495
531
531
531
531
531
531
524
524
524
524
524
545
545
545
545
545
516
516
516
516
516
516
504
504
504
504
504
506
506
506
506
506
512
512
512
512
512
512
514
514
514
514
514
469
469
469
469
469
472
472
472
472
472
472
471
471
471
471
471
463
463
463
463
463
469
469
469
469
469
469
477
477
477
477
477
489
489
489
489
489
496
496
496
496
496
496
468
468
468
468
511
511
511
511
511
499
499
499
499
499
499
514
514
514
514
514
528
528
528
528
528
529
529
529
529
529
529
537
537
537
537
537
555
555
555
555
555
532
532
532
532
532
532
568
568
568
568
568
559
559
559
559
559
551
551
551
551
551
551
555
555
555
555
555
495
495
495
495
495
494
494
494
494
494
494
481
481
481
481
481
480
480
480
480
480
469
469
469
469
469
469
476