456
456
459
459
459
459
459
459
458
458
458
458
458
455
455
455
455
455
452
452
452
452
452
452
458
458
458
458
458
461
461
461
461
461
466
466
466
466
466
466
449
449
449
449
449
461
461
461
461
461
456
456
456
456
456
456
458
458
458
458
458
456
456
456
456
456
450
450
450
450
450
450
456
456
456
456
456
457
457
457
457
457
462
462
462
462
462
462
467
467
467
467
467
455
455
455
455
455
479
479
479
479
479
479
458
458
458
458
458
465
465
465
465
465
463
463
463
463
463
463
463
463
463
463
463
465
465
465
465
465
457
457
457
457
457
457
459
459
459
459
459
462
462
462
462
462
459
459
459
459
459
459
464
464
464
464
464
460
460
460
460
460
462
462
462
462
462
462
462
462
462
462
462
461
461
461
461
461
466
466
466
466
466
466
458
458
458
458
458
464
464
464
464
464
460
460
460
460
460
460
478
478
478
478
478
463
463
463
463
463
463
463
463
463
463
463
460
460
460
460
460
473
473
473
473
473
463
463
463
463
463
463
468
468
468
468
468
462
462
462
462
462
471
471
471
471
471
471
468
468
468
468
468
468
468
468
468
468
470
470
470
470
470
470
469
469
469
469
469
471
471
471
471
471
469
469
469
469
469
469
463
463
463
463
463
466
466
466
466
466
470
470
470
470
470
470
471
471
471
471
471
472
472
472
472
472
471
471
471
471
471
471
465
465
465
465
465
459
459
459
459
459
465
465
465
465
465
465
469
469
469
469
469
471
471
471
471
471
476
476
476
476
476
476
460
460
460
460
460
474
474
474
474
474
468
468
468
468
468
468
479
479
479
479
479
464
464
464
464
464
474
474
474
474
474
474
478
478
478
478
478
468
468
468
468
468
480
480
480
480
480
480
469
469
469
469
469
474
474
474
474
474
463
463
463
463
463
463
467
467
467
467
467
476
476
476
476
476
476
476
476
476
476
476
470
470
470
470
470
473
473
473
473
473
468
468
468
468
468
468
467
467
467
467
467
464
464
464
464
464
475
475
475
475
475
475
483
483
483
483
483
478
478
478
478
478
481
481
481
481
481
481
480
480
480
480
480
477
477
477
477
477
475
475
475
475
475
475
477
477
477
477
477
476
476
476
476
476
475
475
475
475
475
475
472
472
472
472
472
480
480
480
480
480
479
479
479
479
479
479
480
480
480
480
480
472
472
472
472
472
479
479
479
479
479
479
480
480
480
480
480
463
463
463
463
463
477
477
477
477
477
477
475
475
475
475
475
482
482
482
482
482
481
481
481
481
481
481
480
480
480
480
480
474
474
474
474
474
490
490
490
490
490
490
485
485
485
485
485
483
483
483
483
483
482
482
482
482
482
482
488
488
488
488
478
478
478
478
488
488
488
488
488
488
474
474
474
474
474
484
484
484
484
484
479
479
479
479
479
479
491
491
491
491
491
480
480
480
480
480
490
490
490
490
490
490
488
488
488
488
488
482
482
482
482
482
493
493
493
493
493
493
481
481
481
481
481
488
488
488
488
488
492
492
492
492
492
492
487
487
487
487
487
493
493
493
493
493
491
491
491
491
491
491
484
484
484
484
484
488
488
488
488
488
480
480
480
480
480
480
482
482
482
482
482
493
493
493
493
493
492
492
492
492
492
492
489
489
489
489
489
495
495
495
495
495
492
492
492
492
492
492
500
500
500
500
500
489
489
489
489
489
490
490
490
490
490
490
491
491
491
491
491
493
493
493
493
493
490
490
490
490
490
490
480
480
480
480
496
496
496
496
491
491
491
491
491
491
507
507
507
507
507
490
490
490
490
490
495
495
495
495
495
495
493
493
493
493
493
494
494
494
494
494
491
491
491
491
491
491
495
495
495
495
495
484
484
484
484
484
508
508
508
508
508
508
482
482
482
482
482
491
491
491
491
491
501
501
501
501
501
501
497
497
497
497
497
494
494
494
494
494
495
495
495
495
495
495
490
490
490
490
490
492
492
492
492
492
493
493
493
493
493
493
494
494
494
494
494
493
493
493
493
493
488
488
488
488
488
488
489
489
489
489
489
484
484
484
484
484
498
498
498
498
498
498
494
494
494
494
494
501
501
501
501
501
490
490
490
490
490
490
500
500
500
500
500
494
494
494
494
494
496
496
496
496
496
496
504
504
504
504
504
500
500
500
500
500
490
490
490
490
490
490
504
504
504
504
504
492
492
492
492
492
493
493
493
493
493
493
502
502
502
502
502
496
496
496
496
496
498
498
498
498
498
498
497
497
497
496
496
496
496
496
494
494
494
494
494
494
502
502
502
502
502
507
507
507
507
507
509
509
509
509
509
509
503
503
503
503
503
501
501
501
501
501
507
507
507
507
507
507
500
500
500
500
500
504
504
504
504
504
501
501
501
501
501
501
498
498
498
498
498
504
504
504
504
504
505
505
505
505
505
505
499
499
499
499
499
510
510
510
510
510
507
507
507
507
507
507
495
495
495
495
495
500
500
500
500
500
501
501
501
501
501
501
508
508
508
508
508
502
502
502
502
502
514
514
514
514
514
514
497
497
497
497
497
509
509
509
509
509
502
502
502
502
502
502
513
513
513
513
513
509
509
509
509
509
506
506
506
506
506
506
503
503
503
503
503
507
507
507
507
507
515
515
515
515
515
515
503
503
503
503
503
500
500
500
500
500
506
506
506
506
506
506
511
511
511
511
511
503
503
503
503
503
515
515
515
515
515
515
515
515
515
515
515
508
508
508
508
508
513
513
513
513
513
513
499
499
499
499
499
526
526
526
526
526
501
501
501
501
501
501
512
512
512
512
512
517
517
517
517
517
512
512
512
512
512
512
512
512
512
512
512
502
502
502
502
502
517
517
517
517
517
517
517
517
517
517
517
504
504
504
504
504
508
508
508
508
508
508
511
511
511
511
511
517
517
517
517
517
516
516
516
516
516
516
511
511
511
511
511
513
513
513
513
513
518
518
518
518
518
518
518
518
518
518
518
510
510
510
510
510
511
511
511
511
511
511
517
517
517
517
517
516
516
516
516
516
511
511
511
511
511
511
517
517
517
517
517
509
509
509
509
509
503
503
503
503
503
503
513
513
513
513
513
512
512
512
512
512
513
513
513
513
513
513
511
511
511
511
511
511
511
511
511
511
509
509
509
509
509
509
515
515
515
515
515
518
518
518
518
518
522
522
522
522
522
522
519
519
519
519
519
504
504
504
504
504
506
506
506
506
506
506
516
516
516
516
516
515
515
515
515
515
514
514
514
514
514
514
518
518
518
518
518
513
513
513
513
513
517
517
517
517
517
517
494
494
494
494
494
506
506
506
506
506
521
521
521
521
521
521
517
517
517
517
517
517
517
517
517
517
513
513
513
513
513
513
509
509
509
509
509
521
521
521
521
521
519
519
519
519
519
519
512
512
512
512
512
518
518
518
518
518
512
512
512
512
512
512
521
521
521
521
521
524
524
524
524
524
517
517
517
517
517
517
512
512
512
512
512
517
517
517
517
517
515
515
515
515
515
515
515
515
515
515
515
509
509
509
509
509
514
514
514
514
514
514
516
516
516
516
516
513
513
513
513
513
512
512
512
512
512
512
526
526
526
526
526
519
519
519
519
519
516
516
516
516
516
516
527
527
527
527
527
515
515
515
515
515
511
511
511
511
511
511
519
519
519
519
519
518
518
518
518
518
516
516
516
516
516
516
527
527
527
527
527
520
520
520
520
520
511
511
511
511
511
511
513
513
513
513
513
521
521
521
521
521
524
524
524
524
524
524
518
518
518
518
518
513
513
513
513
513
512
512
512
512
512
512
507
507
507
507
507
521
521
521
521
521
507
507
507
507
507
507
518
518
518
518
518
510
510
510
510
510
518
518
518
518
518
518
509
509
509
509
509
519
519
519
519
519
519
519
519
519
519
519
520
520
520
520
520
523
523
523
523
523
513
513
513
513
513
513
516
516
516
516
516
519
519
519
519
519
518
518
518
518
518
518
517
517
517
517
517
515
515
515
515
515
509
509
509
509
509
509
519
519
519
519
519
511
511
511
511
511
515
515
515
515
515
515
517
517
517
517
517
512
512
512
512
512
517
517
517
517
517
517
517
517
517
517
517
514
514
514
514
514
524
524
524
524
524
524
513
513
513
513
513
518
518
518
518
518
518
518
518
518
518
518
517
517
517
517
517
528
528
528
528
528
522
522
522
522
522
522
526
526
526
526
526
528
528
528
528
528
513
513
513
513
513
513
519
519
519
519
519
514
514
514
514
514
520
520
520
520
520
520
518
518
518
518
518
514
514
514
514
514
512
512
512
512
512
512
517
517
517
517
517
517
517
517
517
517
520
520
520
520
520
520
518
518
518
518
518
522
522
522
522
522
515
515
515
515
515
515
517
517
517
517
517
511
511
511
511
511
528
528
528
528
528
528
527
527
527
527
527
516
516
516
516
516
519
519
519
519
519
519
528
528
528
528
528
516
516
516
516
516
517
517
517
517
517
517
520
520
520
520
520
518
518
518
518
518
522
522
522
522
522
522
519
519
519
519
519
514
514
514
514
514
528
528
528
528
528
528
524
524
524
524
524
514
514
514
514
514
506
506
506
506
506
506
518
518
518
518
518
526
526
526
526
526
528
528
528
528
528
528
533
533
533
533
533
522
522
522
522
522
519
519
519
519
519
519
518
518
518
518
518
513
513
513
513
513
515
515
515
515
515
515
521
521
521
521
521
519
519
519
519
519
514
514
514
514
514
514
522
522
522
522
522
523
523
523
523
523
521
521
521
521
521
521
520
520
520
520
520
527
527
527
527
527
518
518
518
518
518
518
526
526
526
526
526
527
527
527
527
527
512
512
512
512
512
512
522
522
522
522
522
521
521
521
521
521
524
524
524
524
524
524
520
520
520
520
520
526
526
526
526
526
518
518
518
518
518
518
526
526
526
526
526
512
512
512
512
512
527
527
527
527
527
527
521
521
521
521
521
533
533
533
533
533
517
517
517
517
517
517
520
520
520
520
520
518
518
518
518
518
525
525
525
525
525
525
522
522
522
522
522
527
527
527
527
527
522
522
522
522
522
522
525
525
525
525
525
527
527
527
527
527
524
524
524
524
524
524
518
518
518
518
518
525
525
525
525
525
522
522
522
522
522
522
533
533
533
533
533
523
523
523
523
523
529
529
529
529
529
529
526
526
526
526
526
527
527
527
527
527
530
530
530
530
530
530
531
531
531
531
531
543
543
543
543
543
531
531
531
531
531
531
538
538
538
538
538
537
537
537
537
537
549
549
549
549
549
549
538
538
538
538
538
545
545
545
545
545
539
539
539
539
539
539
534
534
534
534
534
538
538
538
538
538
542
542
542
542
542
542
545
545
545
545
545
545
545
545
545
545
541
541
541
541
541
541
538
538
538
538
538
553
553
553
553
553
555
555
555
555
555
555
562
562
562
562
562
565
565
565
565
565
569
569
569
569
569
569
571
571
571
571
571
581
581
581
581
581
582
582
582
582
582
582
564
564
564
564
564
567
567
567
567
567
556
556
556
556
556
556
547
547
547
547
547
536
536
536
536
536
520
520
520
520
520
520
525
525
525
525
525
506
506
506
506
506
507
507
507
507
507
507
499
499
499
499
499
500
500
500
500
500
502
502
502
502
502
502
505
505
505
505
505
505
505
505
505
505
505
501
501
501
501
501
497
497
497
497
497
498
498
498
498
498
496
496
496
496
496
496
491
491
491
491
491
500
500
500
500
500
502
502
502
502
502
502
507
507
507
507
507
524
524
524
524
524
524
522
522
522
522
522
534
534
534
534
534
536
536
536
536
536
547
547
547
547
547
547
555
555
555
555
555
560
560
560
560
560
572
572
572
572
572
572
586
586
586
586
586
579
579
579
579
579
579
580
580
580
580
580
590
590
590
590
590
586
586
586
586
586
599
599
599
599
599
599
605
605
605
605
605
606
606
606
606
606
615
615
615
615
615
615
619
619
619
619
619
628
628
628
628
628
628
643
643
643
643
643
639
639
639
639
639
648
648
648
648
648
644
644
644
644
644
644
643
643
643
643
643
639
639
639
639
639
626
626
626
626
626
626
629
629
629
629
629
619
619
619
619
619
619
620
620
620
620
620
602
602
602
602
602
588
588
588
588
588
573
573
573
573
573
573
557
557
557
557
557
550
550
550
550
550
529
529
529
529
529
529
509
509
509
509
509
501
501
501
501
501
501
475
475
475
475
475
463
463
463
463
463
460
460
460
460
460
456
456
456
456
456
456
441
441
441
441
441
428
428
428
428
428
431
431
431
431
431
431
414
414
414
414
414
408
408
408
408
408
408
397
397
397
397
397
399
399
399
399
399
403
403
403
403
403
417
417
417
417
417
417
433
433
433
433
433
444
444
444
444
444
457
457
457
457
457
457
474
474
474
474
474
493
493
493
493
493
493
515
515
515
515
515
543
543
543
543
543
567
567
567
567
567
592
592
592
592
592
592
620
620
620
620
620
651
651
651
651
651
671
671
671
671
671
671
698
698
698
698
698
721
721
721
721
721
721
716
716
716
716
716
723
723
723
723
723
717
717
717
717
717
715
715
715
715
715
715
699
699
699
699
699
689
689
689
689
689
652
652
652
652
652
652
610
610
610
610
610
541
541
541
541
541
541
477
477
477
477
477
405
405
405
405
405
339
339
339
339
339
303
303
303
303
303
303
263
263
263
263
263
245
245
245
245
245
244
244
244
244
244
244
252
252
252
252
252
252
252
252
252
252
252
268
268
268
268
268
262
262
262
262
262
263
263
263
263
263
254
254
254
254
254
254
255
255
255
255
255
267
267
267
267
267
303
303
303
303
303
303
327
327
327
327
327
392
392
392
392
392
392
459
459
459
459
459
535
535
535
535
535
626
626
626
626
626
715
715
715
715
715
715
788
788
788
788
788
840
840
840
840
840
870
870
870
870
870
870
876
876
876
876
876
848
848
848
848
848
848
810
810
810
810
810
766
766
766
766
766
700
700
700
700
700
639
639
639
639
639
639
603
603
603
603
603
574
574
574
574
574
534
534
534
534
534
534
525
525
525
525
525
509
509
509
509
509
509
497
497
497
497
497
484
484
484
484
484
468
468
468
468
468
429
429
429
429
429
429
402
402
402
402
402
365
365
365
365
365
319
319
319
319
319
319
287
287
287
287
287
252
252
252
252
252
252
233
233
233
233
233
215
215
215
215
215
204
204
204
204
204
210
210
210
210
210
210
223
223
223
223
223
264
264
264
264
264
325
325
325
325
325
325
381
381
381
381
381
446
446
446
446
446
446
491
491
491
491
491
527
527
527
527
527
529
529
529
529
529
522
522
522
522
522
522
518
518
518
518
518
524
524
524
524
524
539
539
539
539
539
539
562
562
562
562
562
593
593
593
593
593
593
600
600
600
600
600
599
599
599
599
599
571
571
571
571
571
560
560
560
560
560
560
526
526
526
526
526
543
543
543
543
543
547
547
547
547
547
547
602
602
602
602
602
640
640
640
640
640
640
713
713
713
713
713
776
776
776
776
776
841
841
841
841
841
886
886
886
886
886
886
888
888
888
888
888
895
895
895
895
895
838
838
838
838
838
838
800
800
800
800
800
724
724
724
724
724
724
640
640
640
640
640
554
554
554
554
554
445
445
445
445
350
350
350
350
350
350
269
269
269
269
269
211
211
211
211
211
161
161
161
161
161
161
142
142
142
142
142
134
134
134
134
134
134
142
142
142
142
142
184
184
184
184
184
211
211
211
211
211
248
248
248
248
248
248
282
282
282
282
282
303
303
303
303
303
296
296
296
296
296
296
302
302
302
302
302
266
266
266
266
266
266
232
232
232
232
232
195
195
195
195
195
158
158
158
158
158
130
130
130
130
130
130
109
109
109
109
109
96
96
96
96
96
94
94
94
94
94
94
105
105
105
105
105
124
124
124
124
124
124
163
163
163
163
163
237
237
237
237
237
339
339
339
339
339
501
501
501
501
501
501
701
701
701
701
701
940
940
940
940
940
1172
1172
1172
1172
1172
1172
1402
1402
1402
1402
1402
1577
1577
1577
1577
1577
1577
1690
1690
1690
1690
1690
1754
1754
1754
1754
1754
1748
1748
1748
1748
1748
1695
1695
1695
1695
1695
1695
1600
1600
1600
1600
1600
1471
1471
1471
1471
1471
1303
1303
1303
1303
1303
1303
1098
1098
1098
1098
1098
884
884
884
884
884
884
657
657
657
657
657
456
456
456
456
456
274
274
274
274
274
128
128
128
128
128
128
41
41
41
41
41
0
0
0
0
0
0
0
0
0
0
0
0
0
0
0
0
0
0
0
0
0
0
0
0
0
0
0
0
0
0
0
0
5
5
5
5
5
53
53
53
53
53
53
100
100
100
100
100
171
171
171
171
171
224
224
224
224
224
224
269
269
269
269
269
328
328
328
328
328
328
365
365
365
365
365
418
418
418
418
418
480
480
480
480
480
561
561
561
561
561
561
637
637
637
637
637
739
739
739
739
739
827
827
827
827
827
827
931
931
931
931
931
989
989
989
989
989
989
1052
1052
1052
1052
1052
1050
1050
1050
1050
1050
1044
1044
1044
1044
1044
985
985
985
985
985
985
918
918
918
918
918
844
844
844
844
844
764
764
764
764
764
764
708
708
708
708
708
682
682
682
682
682
682
694
694
694
694
694
724
724
724
724
724
762
762
762
762
762
816
816
816
816
816
816
840
840
840
840
840
834
834
834
834
834
771
771
771
771
771
771
669
669
669
669
669
554
554
554
554
554
554
451
451
451
451
451
362
362
362
362
362
306
306
306
306
306
288
288
288
288
288
288
279
279
279
279
279
300
300
300
300
300
316
316
316
316
316
316
333
333
333
333
333
332
332
332
332
332
332
321
321
321
321
321
317
317
317
317
317
311
311
311
311
311
314
314
314
314
314
314
314
314
314
314
314
323
323
323
323
323
319
319
319
319
319
319
312
312
312
312
312
289
289
289
289
289
289
275
275
275
275
275
265
265
265
265
265
260
260
260
260
260
282
282
282
282
282
282
337
337
337
337
337
423
423
423
423
423
527
527
527
527
527
527
645
645
645
645
645
733
733
733
733
733
733
800
800
800
800
800
829
829
829
829
829
840
840
840
840
840
828
828
828
828
828
828
809
809
809
809
809
803
803
803
803
803
806
806
806
806
806
806
807
807
807
807
807
817
817
817
817
817
817
810
810
810
810
810
776
776
776
776
776
718
718
718
718
718
649
649
649
649
649
649
572
572
572
572
572
491
491
491
491
491
434
434
434
434
434
434
386
386
386
386
386
355
355
355
355
355
355
346
346
346
346
346
346
346
346
346
346
358
358
358
358
358
378
378
378
378
378
378
394
394
394
394
394
422
422
422
422
422
443
443
443
443
443
443
474
474
474
474
474
505
505
505
505
505
505
526
526
526
526
526
541
541
541
541
541
542
542
542
542
542
530
530
530
530
530
530
503
503
503
503
503
468
468
468
468
468
443
443
443
443
443
443
404
404
404
404
404
384
384
384
384
384
384
369
369
369
369
369
366
366
366
366
366
376
376
376
376
376
391
391
391
391
391
391
424
424
424
424
424
451
451
451
451
451
467
467
467
467
467
467
489
489
489
489
489
500
500
500
500
500
500
496
496
496
496
496
503
503
503
503
503
500
500
500
500
500
516
516
516
516
516
516
532
532
532
532
532
554
554
554
554
554
578
578
578
578
578
578
606
606
606
606
606
638
638
638
638
638
638
658
658
658
658
658
660
660
660
660
660
657
657
657
657
657
646
646
646
646
646
646
625
625
625
625
625
599
599
599
599
599
567
567
567
567
567
567
532
532
532
532
532
497
497
497
497
497
497
473
473
473
473
473
449
449
449
449
449
433
433
433
433
433
424
424
424
424
424
424
420
420
420
420
420
413
413
413
413
413
402
402
402
402
402
402
396
396
396
396
396
391
391
391
391
391
391
391
391
391
391
391
392
392
392
392
392
399
399
399
399
399
390
390
390
390
390
390
391
391
391
391
391
402
402
402
402
402
410
410
410
410
410
410
442
442
442
442
442
473
473
473
473
473
473
514
514
514
514
514
559
559
559
559
559
593
593
593
593
593
614
614
614
614
614
614
623
623
623
623
623
605
605
605
605
605
577
577
577
577
577
577
547
547
547
547
547
518
518
518
518
518
518
483
483
483
483
483
461
461
461
461
461
455
455
455
455
455
464
464
464
464
464
464
474
474
474
474
474
489
489
489
489
489
503
503
503
503
503
503
521
521
521
521
521
524
524
524
524
524
524
523
523
523
523
523
516
516
516
516
516
516
516
516
516
516
502
502
502
502
502
502
494
494
494
494
494
483
483
483
483
483
475
475
475
475
475
475
477
477
477
477
477
475
475
475
475
475
475
484
484
484
484
484
489
489
489
489
489
494
494
494
494
494
495
495
495
495
495
495
486
486
486
486
486
495
495
495
495
495
500
500
500
500
500
500
498
498
498
498
498
493
493
493
493
493
493
487
487
487
487
487
491
491
491
491
491
475
475
475
475
475
467
467
467
467
467
467
457
457
457
457
457
454
454
454
454
454
456
456
456
456
456
456
467
467
467
467
467
487
487
487
487
487
487
508
508
508
508
508
542
542
542
542
542
554
554
554
554
554
559
559
559
559
559
559
548
548
548
548
548
533
533
533
533
533
508
508
508
508
508
508
493
493
493
493
493
482
482
482
482
482
482
478
478
478
478
478
496
496
496
496
496
512
512
512
512
512
529
529
529
529
529
529
539
539
539
539
539
536
536
536
536
536
532
532
532
532
532
532
509
509
509
509
509
490
490
490
490
490
490
469
469
469
469
469
459
459
459
459
459
468
468
468
468
468
477
477
477
477
477
477
483
483
483
483
483
490
490
490
490
490
483
483
483
483
483
483
471
471
471
471
471
457
457
457
457
457
457
451
451
451
451
451
441
441
441
441
441
449
449
449
449
449
460
460
460
460
460
460
475
475
475
475
475
493
493
493
493
493
493
493
493
493
493
493
491
491
491
491
491
478
478
478
478
478
478
470
470
470
470
470
462
462
462
462
462
461
461
461
461
461
472
472
472
472
472
472
494
494
494
494
494
521
521
521
521
521
551
551
551
551
551
551
558
558
558
558
558
564
564
564
564
564
564
556
556
556
556
556
530
530
530
530
530
499
499
499
499
499
475
475
475
475
475
475
448
448
448
448
448
457
457
457
457
457
462
462
462
462
462
462
491
491
491
491
491
511
511
511
511
511
511
534
534
534
534
534
531
531
531
531
531
520
520
520
520
520
506
506
506
506
506
506
480
480
480
480
480
468
468
468
468
468
465
465
465
465