422
422
422
422
422
409
409
409
409
409
409
403
403
403
403
403
401
401
401
401
401
400
400
400
400
400
400
407
407
407
407
407
415
415
415
415
415
407
407
407
407
407
407
410
410
410
410
410
399
399
399
399
399
404
404
404
404
404
404
395
395
395
395
395
406
406
406
406
406
406
406
406
406
406
406
408
408
408
408
408
395
395
395
395
395
409
409
409
409
409
409
402
402
402
402
402
404
404
404
404
404
405
405
405
405
405
405
414
414
414
414
414
413
413
413
413
413
406
406
406
406
406
406
407
407
407
407
407
415
415
415
415
415
408
408
408
408
408
408
405
405
405
405
405
403
403
403
403
403
406
406
406
406
406
406
404
404
404
404
404
408
408
408
408
408
404
404
404
404
404
404
403
403
403
403
403
398
398
398
398
398
424
424
424
424
424
424
398
398
398
398
398
411
411
411
411
411
404
404
404
404
404
404
421
421
421
421
421
418
418
418
418
418
406
406
406
406
406
406
387
387
387
387
387
408
408
408
408
408
397
397
397
397
397
397
420
420
420
420
420
415
415
415
415
415
407
407
407
407
407
407
400
400
400
400
400
409
409
409
409
409
410
410
410
410
410
410
401
401
401
401
401
414
414
414
414
414
409
409
409
409
409
409
417
417
417
417
417
389
389
389
389
389
401
401
401
401
401
401
398
398
398
398
398
397
397
397
397
397
404
404
404
404
404
404
401
401
401
401
401
409
409
409
409
409
417
417
417
417
417
417
399
399
399
399
399
396
396
396
396
396
407
407
407
407
407
407
393
393
393
393
393
393
393
393
393
393
396
396
396
396
396
396
408
408
408
408
408
409
409
409
409
409
401
401
401
401
401
401
422
422
422
422
422
402
402
402
402
402
408
408
408
408
408
408
400
400
400
400
400
410
410
410
410
410
405
405
405
405
405
405
418
418
418
418
418
399
399
399
399
399
426
426
426
426
426
426
384
384
384
384
384
404
404
404
404
404
405
405
405
405
405
405
398
398
398
398
398
419
419
419
419
419
402
402
402
402
402
400
400
400
400
400
407
407
407
407
407
405
405
405
405
405
405
408
408
408
408
408
396
396
396
396
396
415
415
415
415
415
415
425
425
425
425
425
417
417
417
417
417
422
422
422
422
422
422
401
401
401
401
401
419
419
419
419
419
406
406
406
406
406
406
389
389
389
389
389
393
393
393
393
393
415
415
415
415
415
415
428
428
428
428
428
392
392
392
392
392
410
410
410
410
410
410
410
410
410
410
410
408
408
408
408
408
416
416
416
416
416
416
413
413
413
413
413
414
414
414
414
414
417
417
417
417
417
417
398
398
398
398
398
416
416
416
416
416
409
409
409
409
409
409
417
417
417
417
417
415
415
415
415
415
411
411
411
411
411
411
422
422
422
422
422
406
406
406
406
406
399
399
399
399
399
399
427
427
427
427
427
402
402
402
402
402
405
405
405
405
405
405
413
413
413
413
413
409
409
409
409
409
409
409
409
409
409
409
421
421
421
421
421
425
425
425
425
425
421
421
421
421
421
421
401
401
401
401
401
394
394
394
394
394
428
428
428
428
428
428
430
430
430
430
430
411
411
411
411
411
426
426
426
426
426
426
403
403
403
403
403
431
431
431
431
431
436
436
436
436
436
436
437
437
437
437
437
437
437
437
437
437
421
421
421
421
421
421
424
424
424
424
424
433
433
433
433
433
430
430
430
430
430
430
413
413
413
413
413
429
429
429
429
429
394
394
394
394
394
394
400
400
400
400
400
397
397
397
397
397
381
381
381
381
381
381
393
393
393
393
393
399
399
399
399
399
396
396
396
396
396
396
412
412
412
412
412
386
386
386
386
386
401
401
401
401
401
401
399
399
399
399
399
384
384
384
384
384
422
422
422
422
422
422
402
402
402
402
402
394
394
394
394
394
411
411
411
411
411
411
396
396
396
396
396
419
419
419
419
419
418
418
418
418
418
418
397
397
397
397
397
411
411
411
411
411
418
418
418
418
418
418
417
417
417
417
417
420
420
420
420
420
423
423
423
423
423
423
414
414
414
414
414
425
425
425
425
425
419
419
419
419
419
419
424
424
424
424
424
445
445
445
445
445
421
421
421
421
421
421
425
425
425
425
425
439
439
439
439
439
433
433
433
433
433
433
448
448
448
448
448
448
448
448
448
448
439
439
439
439
439
439
452
452
452
452
452
442
442
442
442
442
460
460
460
460
460
460
443
443
443
443
443
442
442
442
442
442
442
442
442
442
442
442
432
432
432
432
432
441
441
441
441
441
447
447
447
447
447
447
433
433
433
433
433
433
433
433
433
433
423
423
423
423
423
423
416
416
416
416
416
414
414
414
414
414
415
415
415
415
415
415
392
392
392
392
392
404
404
404
404
404
384
384
384
384
384
384
403
403
403
403
403
377
377
377
377
377
400
400
400
400
400
400
384
384
384
384
384
384
384
384
384
384
387
387
387
387
387
387
381
381
381
381
381
382
382
382
382
382
373
373
373
373
373
373
381
381
381
381
381
383
383
383
383
383
380
380
380
380
380
380
377
377
377
377
377
386
386
386
386
386
394
394
394
394
394
394
401
401
401
401
401
403
403
403
403
403
415
415
415
415
415
415
415
415
415
415
415
428
428
428
428
428
417
417
417
417
417
417
450
450
450
450
450
441
441
441
441
441
466
466
466
466
466
466
448
448
448
448
448
479
479
479
479
479
477
477
477
477
477
477
482
482
482
482
482
494
494
494
494
494
516
516
516
516
516
516
481
481
481
481
481
485
485
485
485
485
470
470
470
470
470
470
442
442
442
442
442
410
410
410
410
410
404
404
404
404
404
404
375
375
375
375
375
367
367
367
367
367
350
350
350
350
350
350
349
349
349
349
349
350
350
350
350
350
333
333
333
333
333
333
345
345
345
345
345
338
338
338
338
338
342
342
342
342
342
342
350
350
350
350
350
364
364
364
364
364
361
361
361
361
361
361
349
349
349
349
349
370
370
370
370
370
354
354
354
354
354
354
369
369
369
369
369
362
362
362
362
362
381
381
381
381
381
381
395
395
395
395
395
433
433
433
433
433
478
478
478
478
478
478
550
550
550
550
550
665
665
665
665
665
709
709
709
709
709
709
759
759
759
759
759
713
713
713
713
713
643
643
643
643
643
643
580
580
580
580
580
505
505
505
505
505
457
457
457
457
457
457
427
427
427
427
427
411
411
411
411
411
372
372
372
372
372
372
378
378
378
378
378
376
376
376
376
376
378
378
378
378
378
378
381
381
381
381
381
390
390
390
390
390
409
409
409
409
409
409
401
401
401
401
401
376
376
376
376
376
379
379
379
379
379
379
367
367
367
367
367
351
351
351
351
351
341
341
341
341
341
341
342
342
342
342
342
342
342
342
342
342
339
339
339
339
339
339
336
336
336
336
336
335
335
335
335
335
358
358
358
358
358
358
363
363
363
363
363
390
390
390
390
390
399
399
399
399
399
399
425
425
425
425
425
440
440
440
440
440
430
430
430
430
430
430
445
445
445
445
445
434
434
434
434
434
430
430
430
430
430
430
426
426
426
426
426
439
439
439
439
439
407
407
407
407
407
407
438
438
438
438
438
441
441
441
441
441
417
417
417
417
417
417
414
414
414
414
414
409
409
409
409
409
395
395
395
395
395
395
410
410
410
410
410
422
422
422
422
422
420
420
420
420
420
420
430
430
430
430
430
500
500
500
500
500
537
537
537
537
537
537
635
635
635
635
635
758
758
758
758
758
813
813
813
813
813
813
826
826
826
826
826
754
754
754
754
754
577
577
577
577
577
577
480
480
480
480
480
407
407
407
407
407
353
353
353
353
353
353
348
348
348
348
348
336
336
336
336
336
325
325
325
325
325
325
318
318
318
318
318
323
323
323
323
323
321
321
321
321
321
321
321
321
321
321
321
344
344
344
344
344
353
353
353
353
353
353
358
358
358
358
358
398
398
398
398
398
381
381
381
381
381
381
390
390
390
390
390
380
380
380
380
380
368
368
368
368
368
368
353
353
353
353
353
345
345
345
345
345
342
342
342
342
342
342
333
333
333
333
333
333
333
333
333
333
335
335
335
335
335
335
307
307
307
307
307
332
332
332
332
332
324
324
324
324
324
324
324
324
324
324
324
333
333
333
333
333
345
345
345
345
345
345
382
382
382
382
382
492
492
492
492
492
884
884
884
884
884
884
1333
1333
1333
1333
1333
1784
1784
1784
1784
1784
2116
2116
2116
2116
2116
2116
2271
2271
2271
2271
2271
2269
2269
2269
2269
2269
2165
2165
2165
2165
2165
2165
2004
2004
2004
2004
2004
1778
1778
1778
1778
1778
1389
1389
1389
1389
1389
1389
994
994
994
994
994
680
680
680
680
680
456
456
456
456
456
456
387
387
387
387
387
344
344
344
344
344
324
324
324
324
324
324
307
307
307
307
307
300
300
300
300
300
295
295
295
295
295
295
288
288
288
288
288
287
287
287
287
287
287
287
287
287
287
287
296
296
296
296
296
301
301
301
301
301
322
322
322
322
322
322
325
325
325
325
325
360
360
360
360
360
392
392
392
392
392
392
448
448
448
448
448
521
521
521
521
521
604
604
604
604
604
604
643
643
643
643
643
586
586
586
586
586
526
526
526
526
526
526
461
461
461
461
461
484
484
484
484
484
461
461
461
461
461
461
474
474
474
474
474
468
468
468
468
468
524
524
524
524
524
524
605
605
605
605
605
717
717
717
717
717
837
837
837
837
837
837
900
900
900
900
900
891
891
891
891
891
713
713
713
713
713
713
548
548
548
548
548
443
443
443
443
443
422
422
422
422
422
422
389
389
389
389
389
412
412
412
412
412
439
439
439
439
439
439
524
524
524
524
524
654
654
654
654
654
764
764
764
764
764
764
795
795
795
795
795
640
640
640
640
640
492
492
492
492
492
492
410
410
410
410
410
364
364
364
364
364
350
350
350
350
350
350
340
340
340
340
340
343
343
343
343
343
346
346
346
346
346
346
351
351
351
351
351
367
367
367
367
367
383
383
383
383
383
383
402
402
402
402
402
389
389
389
389
389
365
365
365
365
365
365
376
376
376
376
376
373
373
373
373
373
354
354
354
354
354
354
367
367
367
367
367
367
367
367
367
367
371
371
371
371
371
371
368
368
368
368
368
367
367
367
367
367
370
370
370
370
370
370
376
376
376
376
376
378
378
378
378
378
377
377
377
377
377
377
392
392
392
392
392
436
436
436
436
436
524
524
524
524
524
524
651
651
651
651
651
806
806
806
806
806
891
891
891
891
891
891
903
903
903
903
903
818
818
818
818
818
711
711
711
711
711
711
583
583
583
583
583
508
508
508
508
508
468
468
468
468
468
468
436
436
436
436
436
437
437
437
437
437
426
426
426
426
426
426
408
408
408
408
408
387
387
387
387
387
374
374
374
374
374
374
375
375
375
375
375
376
376
376
376
376
352
352
352
352
352
352
358
358
358
358
358
349
349
349
349
349
365
365
365
365
365
365
376
376
376
376
376
406
406
406
406
406
427
427
427
427
427
427
489
489
489
489
489
490
490
490
490
490
518
518
518
518
518
518
514
514
514
514
514
517
517
517
517
517
477
477
477
477
477
477
445
445
445
445
445
402
402
402
402
402
381
381
381
381
381
381
367
367
367
367
367
356
356
356
356
356
359
359
359
359
359
359
363
363
363
363
363
376
376
376
376
376
376
376
376
376
376
376
380
380
380
380
380
392
392
392
392
392
398
398
398
398
398
398
374
374
374
374
374
393
393
393
393
393
378
378
378
378
378
378
405
405
405
405
405
421
421
421
421
421
461
461
461
461
461
461
524
524
524
524
524
602
602
602
602
602
631
631
631
631
631
631
601
601
601
601
601
526
526
526
526
526
482
482
482
482
482
482
427
427
427
427
427
393
393
393
393
393
394
394
394
394
394
394
394
394
394
394
394
385
385
385
385
385
412
412
412
412
412
412
417
417
417
417
417
455
455
455
455
455
458
458
458
458
458
458
449
449
449
449
449
428
428
428
428
428
409
409
409
409
409
409
393
393
393
393
393
360
360
360
360
360
364
364
364
364
364
364
369
369
369
369
369
377
377
377
377
377
385
385
385
385
385
385
401
401
401
401
401
426
426
426
426
426
445
445
445
445
445
445
432
432
432
432
432
426
426
426
426
426
413
413
413
413
413
413
408
408
408
408
408
402
402
402
402
402
400
400
400
400
400
400
393
393
393
393
393
404
404
404
404
404
406
406
406
406
406
406
435
435
435
435
435
444
444
444
444
444
455
455
455
455
455
455
475
475
475
475
475
452
452
452
452
452
460
460
460
460
460
460
433
433
433
433
433
406
406
406
406
406
395
395
395
395
395
395
390
390
390
390
390
368
368
368
368
368
385
385
385
385
385
385
380
380
380
380
380
400
400
400
400
400
416
416
416
416
416
416
414
414
414
414
414
450
450
450
450
450
449
449
449
449
449
449
454
454
454
454
454
468
468
468
468
468
436
436
436
436
436
436
417
417
417
417
417
412
412
412
412
412
405
405
405
405
405
405
410
410
410
410
410
413
413
413
413
413
380
380
380
380
380
380
402
402
402
402
402
394
394
394
394
394
404
404
404
404
404
404
402
402
402
402
402
422
422
422
422
422
415
415
415
415
415
415
410
410
410
410
410
404
404
404
404
404
409
409
409
409
409
409
407
407
407
407
407
391
391
391
391
391
421
421
421
421
421
421
407
407
407
407
407
404
404
404
404
404
407
407
407
407
407
407
421
421
421
421
421
428
428
428
428
428
441
441
441
441
441
441
450
450
450
450
450
429
429
429
429
429
461
461
461
461
461
461
438
438
438
438
438
417
417
417
417
417
412
412
412
412
412
412
423
423
423
423
423
403
403
403
403
403
402
402
402
402
402
402
412
412
412
412
412
416
416
416
416
416
405
405
405
405
405
405
404
404
404
404
404
397
397
397
397
397
407
407
407
407
407
407
397
397
397
397
397
409
409
409
409
409
411
411
411
411
411
411
403
403
403
403
403
408
408
408
408
408
413
413
413
413
413
413
407
407
407
407
407
427
427
427
427
427
423
423
423
423
423
423
409
409
409
409
409
427
427
427
427
427
409
409
409
409
409
409
407
407
407
407
407
400
400
400
400
400
395
395
395
395
395
395
388
388
388
388
388
390
390
390
390
390
404
404
404
404
404
404
428
428
428
428
428
422
422
422
422
422
442
442
442
442
442
442
444
444
444
444
444
433
433
433
433
433
442
442
442
442
442
442
443
443
443
443
443
422
422
422
422
422
402
402
402
402
402
402
410
410
410
410
410
392
392
392
392
392
413
413
413
413
413
413
403
403
403
403
403
418
418
418
418
418
420
420
420
420
420
420
404
404
404
404
404
425
425
425
425
425
415
415
415
415
415
415
415
415
415
415
415
412
412
412
412
412
411
411
411
411
411
411
418
418
418
418
418
411
411
411
411
411
406
406
406
406
406
406
413
413
413
413
413
409
409
409
409
409
433
433
433
433
433
433
430
430
430
430
430
430
430
430
430
430
447
447
447
447
447
447
451
451
451
451
451
443
443
443
443
443
441
441
441
441
441
441
441
441
441
441
441
443
443
443
443
443
409
409
409
409
409
409
408
408
408
408
408
394
394
394
394
394
403
403
403
403
403
403
399
399
399
399
399
389
389
389
389
389
390
390
390
390
390
390
398
398
398
398
398
402
402
402
402
402
404
404
404
404
404
404
418
418
418
418
418
412
412
412
412
412
398
398
398
398
398
398
407
407
407
407
407
406
406
406
406
406
414
414
414
414
414
414
418
418
418
418
418
414
414
414
414
414
408
408
408
408
408
408
430
430
430
430
430
432
432
432
432
432
418
418
418
418
418
418
410
410
410
410
410
405
405
405
405
405
405
405
405
405
405
405
405
405
405
405
405
406
406
406
406
406
396
396
396
396
396
396
397
397
397
397
397
403
403
403
403
403
398
398
398
398
398
398
391
391
391
391
391
395
395
395
395
395
395
395
395
395
395
395
412
412
412
412
412
404
404
404
404
404
411
411
411
411
411
411
414
414
414
414
414
437
437
437
437
437
435
435
435
435
435
435
419
419
419
419
419
441
441
441
441
441
421
421
421
421
421
421
415
415
415
415
415
401
401
401
401
401
414
414
414
414
414
414
410
410
410
410
410
420
420
420
420
420
409
409
409
409
409
409
410
410
410
410
410
422
422
422
422
422
417
417
417
417
417
417
432
432
432
432
432
403
403
403
403
403
407
407
407
407
407
407
404
404
404
404
404
391
391
391
391
391
425
425
425
425
425
425
395
395
395
395
395
396
396
396
396
396
407
407
407
407
407
407
395
395
395
395
395
402
402
402
402
402
409
409
409
409
409
409
395
395
395
395
395
399
399
399
399
399
416
416
416
416
416
416
399
399
399
399
399
392
392
392
392
392
406
406
406
406
406
406
396
396
396
396
396
410
410
410
410
410
390
390
390
390
390
390
398
398
398
398
398
408
408
408
408
408
398
398
398
398
398
398
391
391
391
391
391
419
419
419
419
419
391
391
391
391
391
391
401
401
401
401
401
392
392
392
392
392
393
393
393
393
393
393
392
392
392
392
392
392
392
392
392
392
406
406
406
406
406
406
399
399
399
399
399
398
398
398
398
398
409
409
409
409
409
409
412
412
412
412
412
411
411
411
411
411
408
408
408
408
408
408
414
414
414
414
414
427
427
427
427
427
411
411
411
411
411
411
421
421
421
421
421
415
415
415
415
415
426
426
426
426
426
426
416
416
416
416
416
409
409
409
409
409
427
427
427
427
427
427
428
428
428
428
428
434
434
434
434
434
420
420
420
420
420
420
429
429
429
429
429
433
433
433
433
433
407
407
407
407
407
407
428
428
428
428
428
401
401
401
401
401
399
399
399
399
399
399
413
413
413
413
413
411
411
411
411
411
414
414
414
414
414
414
407
407
407
407
407
422
422
422
422
422
430
430
430
430
430
430
420
420
420
420
420
422
422
422
422
422
408
408
408
408
408
408
409
409
409
409
409
401
401
401
401
401
395
395
395
395
395
395
392
392
392
392
392
397
397
397
397
397
411
411
411
411
411
411
391
391
391
391
391
389
389
389
389
389
391
391
391
391
391
391
380
380
380
380
380
376
376
376
376
376
382
382
382
382
382
382
373
373
373
373
373
377
377
377
377
377
376
376
376
376
376
376
376
376
376
376
376
384
384
384
384
384
403
403
403
403
403
403
403
403
403
403
403
404
404
404
404
404
396
396
396
396
396
396
430
430
430
430
430
427
427
427
427
427
426
426
426
426
426
426
428
428
428
428
428
424
424
424
424
424
425
425
425
425
425
425
429
429
429
429
429
423
423
423
423
423
422
422
422
422
422
422
418
418
418
418
418
425
425
425
425
425
421
421
421
421
421
421
426
426
426
426
426
425
425
425
425
425
417
417
417
417
417
417
422
422
422
422
422
418
418
418
418
418
409
409
409
409
409
409
421
421
421
421
421
407
407
407
407
407
410
410
410
410
410
410
408
408
408
408
408
408
408
408
408
408
404
404
404
404
404
404
403
403
403
403
403
416
416
416
416
416
420
420
420
420
420
420
422
422
422
422
422
417
417
417
417
417
414
414
414
414
414
414
414
414
414
414
414
411
411
411
411
411
411
411
411
411
411
411
400
400
400
400
400
392
392
392
392
392
378
378
378
378
378
378
377
377
377
377
377
383
383
383
383
383
378
378
378
378
378
378
382
382
382
382
382
389
389
389
389
389
397
397
397
397
397
397
408
408
408
408
408
407
407
407
407
407
411
411
411
411
411
411
412
412
412
412
412
407
407
407
407
407
413
413
413
413
413
413
397
397
397
397
397
404
404
404
404
404
397
397
397
397
397
397
404
404
404
404
397
397
397
397
397
405
405
405
405
405
405
416
416
416
416
416
423
423
423
423
423
431
431
431
431
431
431
438
438
438
438
438
424
424
424
424
424
425
425
425
425
425
425
418
418
418
418
418
407
407
407
407
407
399
399
399
399
399
399
394
394
394
394
394
392
392
392
392
392
393
393
393
393
393
393
404
404
404
404
404
418
418
418
418
418
426
426
426
426
426
426
448
448
448
448
448
453
453
453
453
453
452
452
452
452
452
452
452
452
452
452
452
444
444
444
444
444
430
430
430
430
430
430
424
424
424
424
424
421
421
421
421
421
404
404
404
404
404
404
396
396
396
396
396
407
407
407
407
407
393
393
393
393
393
393
402
402
402
402
402
407
407
407
407
407
418
418
418
418
418
418
413
413
413
413
413
383
383
383
383
383
397
397
397
397
397
397
399
399
399
399
399
389
389
389
389
389
391
391
391
391
391
391
386
386
386
386
386
385
385
385
385
385
391
391
391
391
391
391
398
398
398
398
398
398
398
398
398
398
396
396
396
396
396
396
401
401
401
401
401
398
398
398
398
398
394
394
394
394
394
394
398
398
398
398
398
392
392
392
392
392
389
389
389
389
389
389
395
395
395
395
395
387
387
387
387
387
395
395
395
395
395
395
383
383
383
383
383
396
396
396
396
396
402
402
402
402
402
402
411
411
411
411
411
420
420
420
420
420
424
424
424
424
424
424
426
426
426
426
426
430
430
430
430
430
435
435
435
435
435
435
444
444
444
444
444
446
446
446
446
446
421
421
421
421
421
421
430
430
430
430
430
418
418
418
418
418
426
426
426
426
426
426
426
426
426
426
426
416
416
416
416
416
408
408
408
408
408
408
398
398
398
398
398
396
396
396
396
396
395
395
395
395
395
395
386
386
386
386
386
389
389
389
389
389
384
384
384
384
384
384
391
391
391
391
391
390
390
390
390
390
411
411
411
411
411
411
406
406
406
406
406
406
406
406
406
406
409
409
409
409
409
409
407
407
407
407
407
409
409
409
409
409
422
422
422
422
422
422
401
401
401
401
401
407
407
407
407
407
393
393
393
393
393
393
403
403
403
403
403
406
406
406
406
406
422
422
422
422
422
422
410
410
410
410
410
410
410
410
410
410
424
424
424
424
424
424
409
409
409
409
409
400
400
400
400
400
396
396
396
396
396
396
390
390
390
390
390
389
389
389
389
389
388
388
388
388
388
388
392
392
392
392
392
403
403
403
403
403
412
412
412
412
412
412
410
410
410
410
410
439
439
439
439
439
428
428
428
428
428
428
439
439
439
439
439
422
422
422
422
422
428
428
428
428
428
428
421
421
421
421
421
401
401
401
401
401
415
415
415
415
415
415
390
390
390
390
390
403
403
403
403
403
401
401