510
510
510
510
510
516
516
516
516
516
512
512
512
512
512
513
513
513
513
513
513
509
509
509
509
509
515
515
515
515
515
516
516
516
516
516
516
508
508
508
508
508
514
514
514
514
514
511
511
511
511
511
511
514
514
514
514
514
508
508
508
508
508
517
517
517
517
517
517
513
513
513
513
513
510
510
510
510
510
510
510
510
510
510
510
511
511
511
511
511
515
515
515
515
515
512
512
512
512
512
512
514
514
514
514
514
511
511
511
511
511
515
515
515
515
515
515
518
518
518
518
518
507
507
507
507
507
513
513
513
513
513
513
506
506
506
506
506
514
514
514
514
514
512
512
512
512
512
512
515
515
515
515
515
514
514
514
514
514
515
515
515
515
515
515
511
511
511
511
511
523
523
523
523
523
514
514
514
514
514
514
516
516
516
516
516
513
513
513
513
513
504
504
504
504
504
504
509
509
509
509
509
505
505
505
505
505
503
503
503
503
503
503
506
506
506
506
506
509
509
509
509
509
511
511
511
511
511
511
505
505
505
505
505
504
504
504
504
504
507
507
507
507
507
507
509
509
509
509
509
517
517
517
517
517
512
512
512
512
512
512
517
517
517
517
517
507
507
507
507
507
511
511
511
511
511
511
518
518
518
518
518
520
520
520
520
520
521
521
521
521
521
521
516
516
516
516
516
509
509
509
509
509
504
504
504
504
504
504
502
502
502
502
502
519
519
519
519
519
513
513
513
513
513
513
511
511
511
511
511
515
515
515
515
515
516
516
516
516
516
516
515
515
515
515
515
505
505
505
505
505
509
509
509
509
509
509
518
518
518
518
518
514
514
514
514
514
516
516
516
516
516
516
511
511
511
511
511
510
510
510
510
510
521
521
521
521
521
521
500
500
500
500
500
512
512
512
512
512
504
504
504
504
504
504
513
513
513
513
513
507
507
507
507
507
510
510
510
510
510
510
511
511
511
511
511
509
509
509
509
509
506
506
506
506
506
506
519
519
519
519
519
513
513
513
513
513
515
515
515
515
515
515
511
511
511
511
511
512
512
512
512
516
516
516
516
516
513
513
513
513
510
510
510
510
510
512
512
512
512
512
512
517
517
517
517
517
518
518
518
518
518
513
513
513
513
513
513
512
512
512
512
512
517
517
517
517
517
505
505
505
505
505
505
518
518
518
518
518
514
514
514
514
514
504
504
504
504
504
504
509
509
509
509
509
519
519
519
519
519
516
516
516
516
516
516
514
514
514
514
514
510
510
510
510
510
519
519
519
519
519
519
506
506
506
506
506
504
504
504
504
504
515
515
515
515
515
515
519
519
519
519
519
515
515
515
515
515
520
520
520
520
520
520
509
509
509
509
509
515
515
515
515
515
513
513
513
513
513
513
515
515
515
515
515
518
518
518
518
518
516
516
516
516
516
516
514
514
514
514
514
513
513
513
513
513
512
512
512
512
512
512
506
506
506
506
506
512
512
512
512
512
510
510
510
510
510
510
518
518
518
518
518
514
514
514
514
514
512
512
512
512
512
512
520
520
520
520
520
507
507
507
507
507
511
511
511
511
511
511
511
511
511
511
511
516
516
516
516
516
509
509
509
509
509
509
521
521
521
521
521
520
520
520
520
520
514
514
514
514
514
514
516
516
516
516
516
519
519
519
519
519
509
509
509
509
509
509
502
502
502
502
502
506
506
506
506
506
507
507
507
507
507
507
512
512
512
512
512
519
519
519
519
519
513
513
513
513
513
513
523
523
523
523
523
505
505
505
505
505
513
513
513
513
513
513
515
515
515
515
515
515
515
515
515
515
504
504
504
504
504
504
501
501
501
501
501
511
511
511
511
511
514
514
514
514
514
514
529
529
529
529
529
519
519
519
519
519
513
513
513
513
513
513
519
519
519
519
519
521
521
521
521
521
510
510
510
510
510
510
518
518
518
518
518
511
511
511
511
511
521
521
521
521
521
521
510
510
510
510
510
510
510
510
510
510
518
518
518
518
518
518
516
516
516
516
516
523
523
523
523
523
511
511
511
511
511
511
512
512
512
512
512
510
510
510
510
510
514
514
514
514
514
514
514
514
514
514
514
514
514
514
514
514
517
517
517
517
517
517
512
512
512
512
512
523
523
523
523
523
511
511
511
511
511
511
511
511
511
511
511
509
509
509
509
509
518
518
518
518
518
518
507
507
507
507
507
516
516
516
516
516
503
503
503
503
503
503
512
512
512
512
512
507
507
507
507
507
517
517
517
517
517
517
511
511
511
511
511
520
520
520
520
520
525
525
525
525
525
525
510
510
510
510
510
516
516
516
516
516
519
519
519
519
519
519
516
516
516
516
516
509
509
509
509
509
517
517
517
517
517
517
515
515
515
515
515
516
516
516
516
516
511
511
511
511
511
511
510
510
510
510
510
518
518
518
518
518
519
519
519
519
519
519
505
505
505
505
505
515
515
515
515
515
506
506
506
506
506
506
511
511
511
511
511
513
513
513
513
513
507
507
507
507
507
507
518
518
518
518
518
515
515
515
515
515
524
524
524
524
524
524
533
533
533
533
533
509
509
509
509
509
517
517
517
517
517
517
532
532
532
532
532
522
522
522
522
522
514
514
514
514
514
514
504
504
504
504
504
517
517
517
517
517
516
516
516
516
516
516
516
516
516
516
516
525
525
525
525
525
516
516
516
516
516
516
505
505
505
505
505
524
524
524
524
524
505
505
505
505
505
505
515
515
515
515
515
507
507
507
507
507
520
520
520
520
520
520
516
516
516
516
516
510
510
510
510
510
519
519
519
519
519
519
517
517
517
517
517
511
511
511
511
511
519
519
519
519
519
519
509
509
509
509
509
510
510
510
510
510
511
511
511
511
511
511
520
520
520
520
520
513
513
513
513
513
521
521
521
521
521
521
522
522
522
522
522
526
526
526
526
526
513
513
513
513
513
513
521
521
521
521
521
517
517
517
517
517
521
521
521
521
521
521
519
519
519
519
519
515
515
515
515
515
519
519
519
519
519
519
520
520
520
520
520
525
525
525
525
525
523
523
523
523
523
523
515
515
515
515
515
514
514
514
514
514
518
518
518
518
518
518
523
523
523
523
523
526
526
526
526
526
519
519
519
519
519
519
531
531
531
531
531
504
504
504
504
504
515
515
515
515
515
515
513
513
513
513
513
505
505
505
505
505
520
520
520
520
520
520
512
512
512
512
512
508
508
508
508
508
519
519
519
519
519
519
522
522
522
522
522
516
516
516
516
516
524
524
524
524
524
524
517
517
517
517
517
512
512
512
512
512
526
526
526
526
526
526
514
514
514
514
514
499
499
499
499
499
517
517
517
517
517
517
514
514
514
514
514
523
523
523
523
523
513
513
513
513
513
513
517
517
517
517
517
521
521
521
521
521
514
514
514
514
514
514
517
517
517
517
517
511
511
511
511
511
513
513
513
513
513
513
517
517
517
517
517
517
517
517
517
517
523
523
523
523
523
523
506
506
506
506
506
520
520
520
520
520
515
515
515
515
515
515
518
518
518
518
518
529
529
529
529
529
514
514
514
514
514
514
521
521
521
521
521
512
512
512
512
512
517
517
517
517
517
517
530
530
530
530
530
521
521
521
521
521
523
523
523
523
523
523
517
517
517
517
517
512
512
512
512
512
516
516
516
516
516
516
526
526
526
526
526
514
514
514
514
514
514
514
514
514
514
514
519
519
519
519
519
513
513
513
513
513
516
516
516
516
516
516
510
510
510
510
510
505
505
505
505
505
523
523
523
523
523
523
512
512
512
512
512
516
516
516
516
516
516
516
516
516
516
516
514
514
514
514
514
515
515
515
515
515
521
521
521
521
521
521
520
520
520
520
520
514
514
514
514
514
515
515
515
515
515
515
527
527
527
527
527
529
529
529
529
529
516
516
516
516
516
516
517
517
517
517
517
528
528
528
528
528
512
512
512
512
512
512
509
509
509
509
509
519
519
519
519
519
520
520
520
520
520
520
521
521
521
521
521
517
517
517
517
517
533
533
533
533
533
533
519
519
519
519
519
522
522
522
522
522
522
522
522
522
522
522
517
517
517
517
517
518
518
518
518
518
518
518
518
518
518
518
513
513
513
513
513
520
520
520
520
520
512
512
512
512
512
512
512
512
512
512
512
514
514
514
514
514
522
522
522
522
522
522
511
511
511
511
511
530
530
530
530
530
519
519
519
519
519
519
533
533
533
533
533
522
522
522
522
522
515
515
515
515
515
515
519
519
519
519
519
520
520
520
520
520
516
516
516
516
516
516
524
524
524
524
524
523
523
523
523
523
526
526
526
526
526
526
515
515
515
515
515
523
523
523
523
523
519
519
519
519
519
519
519
519
519
519
519
523
523
523
523
523
523
523
523
523
523
523
511
511
511
511
511
521
521
521
521
521
527
527
527
527
527
527
521
521
521
521
521
525
525
525
525
525
525
525
525
525
525
525
523
523
523
523
523
527
527
527
527
527
525
525
525
525
525
525
530
530
530
530
530
526
526
526
526
526
530
530
530
530
530
530
520
520
520
520
520
519
519
519
519
519
525
525
525
525
525
525
526
526
526
526
526
519
519
519
519
519
515
515
515
515
515
515
527
527
527
527
527
529
529
529
529
529
527
527
527
527
527
527
531
531
531
531
531
533
533
533
533
533
528
528
528
528
528
528
524
524
524
524
524
527
527
527
527
527
532
532
532
532
532
532
523
523
523
523
523
522
522
522
522
522
523
523
523
523
523
523
524
524
524
524
524
526
526
526
526
526
520
520
520
520
520
520
525
525
525
525
525
537
537
537
537
537
533
533
533
533
533
533
526
526
526
526
526
530
530
530
530
530
528
528
528
528
528
528
531
531
531
531
531
536
536
536
536
536
530
530
530
530
530
530
535
535
535
535
535
522
522
522
522
522
531
531
531
531
531
531
528
528
528
528
528
527
527
527
527
527
537
537
537
537
537
537
534
534
534
534
534
532
532
532
532
532
528
528
528
528
528
528
538
538
538
538
538
534
534
534
534
534
534
534
534
534
534
534
544
544
544
544
544
533
533
533
533
533
541
541
541
541
541
541
539
539
539
539
539
547
547
547
547
547
524
524
524
524
524
524
541
541
541
541
541
536
536
536
536
536
536
536
536
536
536
536
531
531
531
531
531
554
554
554
554
554
536
536
536
536
536
536
538
538
538
538
538
543
543
543
543
543
551
551
551
551
551
551
548
548
548
548
548
557
557
557
557
557
548
548
548
548
548
548
541
541
541
541
541
552
552
552
552
552
550
550
550
550
550
550
557
557
557
557
557
562
562
562
562
562
564
564
564
564
564
564
565
565
565
565
565
558
558
558
558
558
551
551
551
551
551
551
572
572
572
572
572
568
568
568
568
568
568
568
568
568
568
568
570
570
570
570
570
570
570
570
570
570
577
577
577
577
577
577
587
587
587
587
587
599
599
599
599
599
599
599
599
599
599
599
600
600
600
600
600
615
615
615
615
615
626
626
626
626
626
626
643
643
643
643
643
653
653
653
653
653
649
649
649
649
649
649
645
645
645
645
645
640
640
640
640
640
626
626
626
626
626
626
602
602
602
602
602
591
591
591
591
591
553
553
553
553
553
553
519
519
519
519
519
480
480
480
480
480
448
448
448
448
448
448
427
427
427
427
427
416
416
416
416
416
406
406
406
406
406
406
378
378
378
378
378
403
403
403
403
403
412
412
412
412
412
412
436
436
436
436
436
440
440
440
440
440
470
470
470
470
470
470
479
479
479
479
479
491
491
491
491
491
510
510
510
510
510
510
520
520
520
520
520
526
526
526
526
526
543
543
543
543
543
543
567
567
567
567
567
586
586
586
586
586
600
600
600
600
600
600
625
625
625
625
625
644
644
644
644
644
662
662
662
662
662
662
675
675
675
675
675
676
676
676
676
676
685
685
685
685
685
685
683
683
683
683
683
666
666
666
666
666
653
653
653
653
653
653
638
638
638
638
638
606
606
606
606
606
589
589
589
589
589
589
567
567
567
567
567
540
540
540
540
540
510
510
510
510
510
510
488
488
488
488
488
442
442
442
442
442
433
433
433
433
433
433
411
411
411
411
411
391
391
391
391
391
403
403
403
403
403
403
407
407
407
407
407
430
430
430
430
430
463
463
463
463
463
463
498
498
498
498
498
517
517
517
517
517
550
550
550
550
550
550
550
550
550
550
550
545
545
545
545
545
518
518
518
518
518
518
504
504
504
504
504
475
475
475
475
475
459
459
459
459
459
459
445
445
445
445
445
433
433
433
433
433
452
452
452
452
452
452
444
444
444
444
444
470
470
470
470
470
495
495
495
495
495
495
531
531
531
531
531
574
574
574
574
574
600
600
600
600
600
600
643
643
643
643
643
698
698
698
698
698
730
730
730
730
730
730
752
752
752
752
752
783
783
783
783
783
803
803
803
803
803
803
810
810
810
810
810
816
816
816
816
816
813
813
813
813
813
813
818
818
818
818
818
828
828
828
828
828
868
868
868
868
868
868
930
930
930
930
930
1029
1029
1029
1029
1029
1138
1138
1138
1138
1138
1138
1267
1267
1267
1267
1267
1403
1403
1403
1403
1403
1473
1473
1473
1473
1473
1473
1491
1491
1491
1491
1491
1431
1431
1431
1431
1431
1247
1247
1247
1247
1247
1247
1014
1014
1014
1014
1014
707
707
707
707
707
409
409
409
409
409
409
175
175
175
175
175
43
43
43
43
43
0
0
0
0
0
0
0
0
0
0
0
0
0
0
0
0
0
0
0
0
0
0
0
0
0
0
0
0
0
0
0
0
0
0
0
0
0
0
0
0
0
0
0
0
0
0
0
0
0
0
0
0
0
0
0
0
0
0
0
0
0
0
0
0
0
0
0
0
0
0
0
0
0
0
0
0
0
0
0
0
90
90
90
90
90
90
281
281
281
281
281
620
620
620
620
620
1041
1041
1041
1041
1041
1041
1488
1488
1488
1488
1488
1869
1869
1869
1869
1869
2220
2220
2220
2220
2220
2220
2419
2419
2419
2419
2419
2516
2516
2516
2516
2516
2495
2495
2495
2495
2495
2495
2325
2325
2325
2325
2325
2039
2039
2039
2039
2039
1621
1621
1621
1621
1621
1621
1115
1115
1115
1115
1115
713
713
713
713
454
454
454
454
454
454
356
356
356
356
356
393
393
393
393
393
542
542
542
542
542
542
732
732
732
732
732
899
899
899
899
899
972
972
972
972
972
972
866
866
866
866
866
605
605
605
605
605
257
257
257
257
257
257
27
27
27
27
27
0
0
0
0
0
0
0
0
0
0
0
0
0
0
0
0
0
0
0
0
0
0
0
0
0
0
0
0
0
0
0
0
0
0
0
0
0
0
0
0
0
0
0
0
0
0
0
0
0
0
0
0
0
0
0
0
0
0
0
0
0
0
0
0
0
0
0
0
0
0
0
0
0
0
0
0
0
0
0
0
1
1
1
1
1
32
32
32
32
32
32
106
106
106
106
106
273
273
273
273
273
519
519
519
519
519
519
908
908
908
908
908
1414
1414
1414
1414
1414
1929
1929
1929
1929
1929
1929
2419
2419
2419
2419
2419
2803
2803
2803
2803
2803
3044
3044
3044
3044
3044
3044
3121
3121
3121
3121
3121
3069
3069
3069
3069
3069
2792
2792
2792
2792
2792
2792
2287
2287
2287
2287
2287
1590
1590
1590
1590
1590
870
870
870
870
870
870
361
361
361
361
361
103
103
103
103
103
24
24
24
24
24
24
19
19
19
19
19
66
66
66
66
66
188
188
188
188
188
188
342
342
342
342
342
483
483
483
483
483
568
568
568
568
568
568
591
591
591
591
591
572
572
572
572
572
521
521
521
521
521
521
455
455
455
455
455
391
391
391
391
391
358
358
358
358
358
358
276
276
276
276
276
218
218
218
218
218
167
167
167
167
167
167
134
134
134
134
134
114
114
114
114
114
116
116
116
116
116
116
109
109
109
109
109
106
106
106
106
106
90
90
90
90
90
90
66
66
66
66
66
46
46
46
46
46
34
34
34
34
34
34
19
19
19
19
19
12
12
12
12
12
1
1
1
1
1
1
0
0
0
0
0
1
1
1
1
1
37
37
37
37
37
37
177
177
177
177
177
498
498
498
498
498
973
973
973
973
973
973
1570
1570
1570
1570
1570
2084
2084
2084
2084
2084
2449
2449
2449
2449
2449
2449
2614
2614
2614
2614
2614
2567
2567
2567
2567
2567
2336
2336
2336
2336
2336
2336
1996
1996
1996
1996
1996
1577
1577
1577
1577
1577
1143
1143
1143
1143
1143
1143
762
762
762
762
762
445
445
445
445
445
271
271
271
271
271
271
174
174
174
174
174
163
163
163
163
163
175
175
175
175
175
175
236
236
236
236
236
285
285
285
285
285
336
336
336
336
336
336
391
391
391
391
391
462
462
462
462
462
569
569
569
569
569
569
704
704
704
704
704
833
833
833
833
833
912
912
912
912
912
912
821
821
821
821
821
555
555
555
555
555
187
187
187
187
187
187
0
0
0
0
0
0
0
0
0
0
0
0
0
0
0
0
0
0
0
0
0
0
0
0
0
0
0
0
0
0
0
0
87
87
87
87
87
336
336
336
336
336
699
699
699
699
699
699
1116
1116
1116
1116
1116
1518
1518
1518
1518
1518
1855
1855
1855
1855
1855
1855
2073
2073
2073
2073
2073
2232
2232
2232
2232
2232
2319
2319
2319
2319
2319
2319
2310
2310
2310
2310
2310
2190
2190
2190
2190
2190
1928
1928
1928
1928
1928
1928
1551
1551
1551
1551
1551
1117
1117
1117
1117
1117
731
731
731
731
731
731
410
410
410
410
410
214
214
214
214
214
98
98
98
98
98
98
53
53
53
53
53
38
38
38
38
38
60
60
60
60
60
60
110
110
110
110
110
219
219
219
219
219
359
359
359
359
359
359
519
519
519
519
519
638
638
638
638
638
721
721
721
721
721
721
736
736
736
736
736
698
698
698
698
698
609
609
609
609
609
609
514
514
514
514
514
422
422
422
422
422
385
385
385
385
385
385
349
349
349
349
349
330
330
330
330
330
295
295
295
295
295
295
230
230
230
230
230
158
158
158
158
158
94
94
94
94
94
94
57
57
57
57
57
36
36
36
36
36
36
36
36
36
36
36
77
77
77
77
77
162
162
162
162
162
298
298
298
298
298
298
451
451
451
451
451
600
600
600
600
600
674
674
674
674
674
674
717
717
717
717
717
732
732
732
732
732
743
743
743
743
743
743
721
721
721
721
721
687
687
687
687
687
609
609
609
609
609
609
530
530
530
530
530
457
457
457
457
457
414
414
414
414
414
414
394
394
394
394
394
390
390
390
390
390
450
450
450
450
450
450
548
548
548
548
548
691
691
691
691
691
863
863
863
863
863
863
1054
1054
1054
1054
1054
1215
1215
1215
1215
1215
1362
1362
1362
1362
1362
1362
1389
1389
1389
1389
1389
1325
1325
1325
1325
1325
1187
1187
1187
1187
1187
1187
1011
1011
1011
1011
1011
827
827
827
827
827
629
629
629
629
629
629
459
459
459
459
459
349
349
349
349
349
261
261
261
261
261
261
186
186
186
186
186
126
126
126
126
126
84
84
84
84
84
84
64
64
64
64
64
71
71
71
71
71
76
76
76
76
76
76
99
99
99
99
99
141
141
141
141
141
188
188
188
188
188
188
237
237
237
237
237
266
266
266
266
266
313
313
313
313
313
313
401
401
401
401
401
518
518
518
518
518
644
644
644
644
644
644
766
766
766
766
766
872
872
872
872
872
975
975
975
975
975
975
1035
1035
1035
1035
1035
1000
1000
1000
1000
1000
902
902
902
902
902
902
758
758
758
758
758
583
583
583
583
583
413
413
413
413
413
413
258
258
258
258
258
177
177
177
177
177
161
161
161
161
161
161
208
208
208
208
208
288
288
288
288
288
388
388
388
388
388
388
506
506
506
506
506
622
622
622
622
622
696
696
696
696
696
696
721
721
721
721
721
704
704
704
704
704
696
696
696
696
696
696
690
690
690
690
690
683
683
683
683
683
638
638
638
638
638
638
560
560
560
560
560
498
498
498
498
498
437
437
437
437
437
437
380
380
380
380
380
349
349
349
349
349
362
362
362
362
362
362
412
412
412
412
412
502
502
502
502
502
596
596
596
596
596
596
649
649
649
649
649
645
645
645
645
645
594
594
594
594
594
594
520
520
520
520
520
446
446
446
446
446
377
377
377
377
377
377
326
326
326
326
326
313
313
313
313
313
337
337
337
337
337
337
403
403
403
403
403
470
470
470
470
470
526
526
526
526
526
526
552
552
552
552
552
563
563
563
563
563
556
556
556
556
556
556
525
525
525
525
525
475
475
475
475
475
440
440
440
440
440
440
435
435
435
435
435
466
466
466
466
466
517
517
517
517
517
517
573
573
573
573
573
641
641
641
641
641
713
713
713
713
713
713
768
768
768
768
768
799
799
799
799
799
789
789
789
789
789
789
727
727
727
727
727
656
656
656
656
656
586
586
586
586
586
586
535
535
535
535
535
493
493
493
493
493
473
473
473
473
473
473
458
458
458
458
458
451
451
451
451
451
454
454
454
454
454
454
444
444
444
444
444
425
425
425
425
425
401
401
401
401
401
401
404
404
404
404
404
431
431
431
431
431
474
474
474
474
474
474
527
527
527
527
527
581
581
581
581
581
618
618
618
618
618
618
627
627
627
627
627
586
586
586
586
586
518
518
518
518
518
518
445
445
445
445
445
400
400
400
400
400
416
416
416
416
416
416
472
472
472
472
472
575
575
575
575
575
699
699
699
699
699
699
803
803
803
803
803
848
848
848
848
848
832
832
832
832
832
832
746
746
746
746
746
639
639
639
639
639
522
522
522
522
522
522
409
409
409
409
409
350
350
350
350
350
347
347
347
347
347
347
391
391
391
391
391
447
447
447
447
447
498
498
498
498
498
498
536
536
536
536
536
564
564
564
564
564
571
571
571
571
571
571
579
579
579
579
579
558
558
558
558
558
545
545
545
545
545
545
568
568
568
568
568
588
588
588
588
588
602
602
602
602
602
602
593
593
593
593
593
571
571
571
571
571
534
534
534
534
534
534
502
502
502
502
502
483
483
483
483
483
472
472
472
472
472
472
472
472
472
472
472
489
489
489
489
489
525
525
525
525
525
525
570
570
570
570
570
607
607
607
607
607
606
606
606
606
606
606
576
576
576
576
576
528
528
528
528
528
485
485
485
485
485
485
453
453
453
453
453
437
437
437
437
437
440
440
440
440
440
440
478
478
478
478
478
524
524
524
524
524
597
597
597
597
597
597
666
666
666
666
666
707
707
707
707
707
717
717
717
717
717
717
690
690
690
690
690
649
649
649
649
649
615
615
615
615
615
615
576
576
576
576
576
548
548
548
548
548
523
523
523
523
523
523
499
499
499
499
499
512
512
512
512
512
509
509
509
509
509
509
499
499
499
499
499
465
465
465
465
465
435
435
435
435
435
435
413
413
413
413
413
429
429
429
429
429
437
437
437
437
437
437
447
447
447
447
447
437
437
437
437
437
428
428
428
428
428
428
439