408
408
408
408
408
397
397
397
397
397
418
418
418
418
418
400
400
400
400
400
400
408
408
408
408
408
395
395
395
395
395
395
395
395
395
395
395
410
410
410
410
410
414
414
414
414
414
415
415
415
415
415
415
401
401
401
401
401
397
397
397
397
397
401
401
401
401
401
401
393
393
393
393
393
420
420
420
420
420
408
408
408
408
408
408
405
405
405
405
405
393
393
393
393
393
406
406
406
406
406
406
395
395
395
395
395
414
414
414
414
414
403
403
403
403
403
403
398
398
398
398
398
407
407
407
407
407
402
402
402
402
402
402
388
388
388
388
388
417
417
417
417
417
404
404
404
404
404
404
394
394
394
394
394
409
409
409
409
409
385
385
385
385
385
385
390
390
390
390
390
392
392
392
392
392
403
403
403
403
403
403
401
401
401
401
401
404
404
404
404
404
395
395
395
395
395
395
390
390
390
390
390
401
401
401
401
401
401
401
401
401
401
401
406
406
406
406
406
392
392
392
392
392
405
405
405
405
405
405
395
395
395
395
395
400
400
400
400
400
403
403
403
403
403
403
409
409
409
409
409
409
409
409
409
409
376
376
376
376
376
376
397
397
397
397
397
396
396
396
396
396
391
391
391
391
391
391
400
400
400
400
400
410
410
410
410
410
393
393
393
393
393
393
391
391
391
391
391
399
399
399
399
399
421
421
421
421
421
421
389
389
389
389
389
408
408
408
408
408
400
400
400
400
400
400
403
403
403
403
403
400
400
400
400
400
392
392
392
392
392
392
394
394
394
394
394
406
406
406
406
406
397
397
397
397
397
397
399
399
399
399
399
398
398
398
398
398
411
411
411
411
411
411
412
412
412
412
412
399
399
399
399
399
399
399
399
399
399
399
412
412
412
412
412
397
397
397
397
397
408
408
408
408
408
408
395
395
395
395
395
399
399
399
399
399
399
399
399
399
399
399
403
403
403
403
403
414
414
414
414
414
406
406
406
406
406
406
407
407
407
407
407
401
401
401
401
401
411
411
411
411
411
411
402
402
402
402
402
402
402
402
402
402
404
404
404
404
404
404
403
403
403
403
403
406
406
406
406
406
382
382
382
382
382
382
395
395
395
395
395
411
411
411
411
411
397
397
397
397
397
397
412
412
412
412
412
400
400
400
400
400
399
399
399
399
399
399
423
423
423
423
423
397
397
397
397
397
394
394
394
394
394
394
410
410
410
410
410
408
408
408
408
408
399
399
399
399
399
399
403
403
403
403
403
384
384
384
384
384
412
412
412
412
412
412
395
395
395
395
395
399
399
399
399
399
399
399
399
399
399
399
389
389
389
389
389
401
401
401
401
401
393
393
393
393
393
393
380
380
380
380
380
407
407
407
407
407
404
404
404
404
404
404
402
402
402
402
402
404
404
404
404
404
387
387
387
387
387
387
400
400
400
400
400
400
400
400
400
400
401
401
401
401
401
401
393
393
393
393
393
397
397
397
397
397
387
387
387
387
387
387
397
397
397
397
397
405
405
405
405
405
399
399
399
399
399
399
406
406
406
406
406
417
417
417
417
417
395
395
395
395
395
395
386
386
386
386
386
410
410
410
410
410
392
392
392
392
392
392
400
400
400
400
400
401
401
401
401
401
400
400
400
400
400
400
398
398
398
398
398
398
398
398
398
398
395
395
395
395
395
395
405
405
405
405
405
401
401
401
401
401
393
393
393
393
393
393
403
403
403
403
403
401
401
401
401
401
396
396
396
396
396
396
399
399
399
399
399
401
401
401
401
401
416
416
416
416
416
416
411
411
411
411
411
404
404
404
404
404
392
392
392
392
392
392
402
402
402
402
402
402
402
402
402
402
399
399
399
399
399
399
393
393
393
393
393
406
406
406
406
406
402
402
402
402
402
407
407
407
407
407
376
376
376
376
376
392
392
392
392
392
392
402
402
402
402
402
397
397
397
397
397
407
407
407
407
407
407
379
379
379
379
379
401
401
401
401
401
392
392
392
392
392
392
388
388
388
388
388
395
395
395
395
395
410
410
410
410
410
410
399
399
399
399
399
398
398
398
398
398
387
387
387
387
387
387
390
390
390
390
390
419
419
419
419
419
393
393
393
393
393
393
397
397
397
397
397
387
387
387
387
387
393
393
393
393
393
393
394
394
394
394
394
390
390
390
390
390
383
383
383
383
383
383
393
393
393
393
393
376
376
376
376
376
386
386
386
386
386
386
376
376
376
376
376
378
378
378
378
378
395
395
395
395
395
395
393
393
393
393
393
408
408
408
408
408
402
402
402
402
402
402
425
425
425
425
425
428
428
428
428
428
450
450
450
450
450
450
452
452
452
452
452
433
433
433
433
433
414
414
414
414
414
414
405
405
405
405
405
395
395
395
395
395
383
383
383
383
383
383
380
380
380
380
380
379
379
379
379
379
385
385
385
385
385
385
393
393
393
393
393
404
404
404
404
404
422
422
422
422
422
422
422
422
422
422
422
411
411
411
411
411
421
421
421
421
421
421
401
401
401
401
401
410
410
410
410
410
373
373
373
373
373
373
370
370
370
370
370
374
374
374
374
374
355
355
355
355
355
355
370
370
370
370
370
357
357
357
357
357
372
372
372
372
372
372
371
371
371
371
371
394
394
394
394
394
408
408
408
408
408
408
420
420
420
420
420
451
451
451
451
451
462
462
462
462
462
462
487
487
487
487
487
493
493
493
493
493
528
528
528
528
528
528
563
563
563
563
563
582
582
582
582
582
604
604
604
604
604
604
617
617
617
617
617
596
596
596
596
596
546
546
546
546
546
546
496
496
496
496
496
446
446
446
446
446
414
414
414
414
414
414
387
387
387
387
387
383
383
383
383
383
369
369
369
369
369
369
343
343
343
343
343
349
349
349
349
349
345
345
345
345
345
345
342
342
342
342
342
347
347
347
347
347
349
349
349
349
349
349
366
366
366
366
366
359
359
359
359
359
375
375
375
375
375
375
380
380
380
380
380
397
397
397
397
397
406
406
406
406
406
406
425
425
425
425
425
449
449
449
449
449
452
452
452
452
452
452
465
465
465
465
465
459
459
459
459
459
442
442
442
442
442
442
456
456
456
456
456
443
443
443
443
443
419
419
419
419
419
419
423
423
423
423
423
408
408
408
408
408
415
415
415
415
415
415
391
391
391
391
391
381
381
381
381
381
385
385
385
385
385
385
379
379
379
379
379
369
369
369
369
369
360
360
360
360
360
360
348
348
348
348
348
358
358
358
358
358
359
359
359
359
359
359
372
372
372
372
372
383
383
383
383
383
399
399
399
399
399
399
422
422
422
422
422
449
449
449
449
449
480
480
480
480
480
480
523
523
523
523
523
507
507
507
507
507
476
476
476
476
476
476
460
460
460
460
460
419
419
419
419
419
398
398
398
398
398
398
401
401
401
401
401
390
390
390
390
390
402
402
402
402
402
402
397
397
397
397
397
418
418
418
418
418
471
471
471
471
471
471
513
513
513
513
513
554
554
554
554
554
557
557
557
557
557
557
522
522
522
522
522
504
504
504
504
504
469
469
469
469
469
469
435
435
435
435
435
398
398
398
398
398
379
379
379
379
379
379
365
365
365
365
365
347
347
347
347
347
355
355
355
355
355
355
339
339
339
339
339
344
344
344
344
344
352
352
352
352
352
352
348
348
348
348
348
355
355
355
355
355
352
352
352
352
352
352
370
370
370
370
370
409
409
409
409
409
444
444
444
444
444
444
518
518
518
518
518
612
612
612
612
612
613
613
613
613
613
613
578
578
578
578
578
477
477
477
477
477
403
403
403
403
403
403
376
376
376
376
376
370
370
370
370
370
360
360
360
360
360
360
373
373
373
373
373
394
394
394
394
394
481
481
481
481
481
481
659
659
659
659
659
914
914
914
914
914
980
980
980
980
980
980
832
832
832
832
832
532
532
532
532
532
398
398
398
398
398
398
338
338
338
338
338
313
313
313
313
313
296
296
296
296
296
296
287
287
287
287
287
294
294
294
294
294
299
299
299
299
299
299
326
326
326
326
326
356
356
356
356
356
478
478
478
478
478
478
977
977
977
977
977
1460
1460
1460
1460
1460
1693
1693
1693
1693
1693
1693
1703
1703
1703
1703
1703
1564
1564
1564
1564
1564
1150
1150
1150
1150
1150
1150
721
721
721
721
721
433
433
433
433
433
372
372
372
372
372
372
337
337
337
337
337
323
323
323
323
323
337
337
337
337
337
337
340
340
340
340
340
355
355
355
355
355
392
392
392
392
392
392
422
422
422
422
422
456
456
456
456
456
496
496
496
496
496
496
492
492
492
492
492
484
484
484
484
484
433
433
433
433
433
433
410
410
410
410
410
408
408
408
408
408
422
422
422
422
422
422
413
413
413
413
413
415
415
415
415
415
388
388
388
388
388
388
375
375
375
375
375
359
359
359
359
359
357
357
357
357
357
357
342
342
342
342
342
340
340
340
340
340
339
339
339
339
339
339
363
363
363
363
363
418
418
418
418
418
469
469
469
469
469
469
676
676
676
676
676
934
934
934
934
934
1033
1033
1033
1033
1033
1033
988
988
988
988
988
767
767
767
767
767
470
470
470
470
470
470
378
378
378
378
378
357
357
357
357
357
332
332
332
332
332
332
309
309
309
309
309
319
319
319
319
319
326
326
326
326
326
326
331
331
331
331
331
343
343
343
343
343
366
366
366
366
366
366
390
390
390
390
390
399
399
399
399
399
408
408
408
408
408
408
417
417
417
417
417
411
411
411
411
411
392
392
392
392
392
392
408
408
408
408
408
424
424
424
424
424
445
445
445
445
445
445
461
461
461
461
461
494
494
494
494
494
501
501
501
501
501
501
492
492
492
492
492
475
475
475
475
475
466
466
466
466
466
466
457
457
457
457
457
444
444
444
444
444
428
428
428
428
428
428
402
402
402
402
402
400
400
400
400
400
410
410
410
410
410
410
416
416
416
416
416
452
452
452
452
452
491
491
491
491
491
491
544
544
544
544
544
563
563
563
563
563
591
591
591
591
591
591
557
557
557
557
557
491
491
491
491
491
448
448
448
448
448
448
383
383
383
383
383
370
370
370
370
370
361
361
361
361
361
361
329
329
329
329
329
325
325
325
325
325
331
331
331
331
331
331
340
340
340
340
340
345
345
345
345
345
366
366
366
366
366
366
373
373
373
373
373
395
395
395
395
395
393
393
393
393
393
393
396
396
396
396
396
391
391
391
391
391
377
377
377
377
377
377
380
380
380
380
380
380
380
380
380
380
366
366
366
366
366
366
385
385
385
385
385
399
399
399
399
399
394
394
394
394
394
394
416
416
416
416
416
442
442
442
442
442
440
440
440
440
440
440
421
421
421
421
421
427
427
427
427
427
390
390
390
390
390
390
388
388
388
388
388
360
360
360
360
360
374
374
374
374
374
374
373
373
373
373
373
383
383
383
383
383
412
412
412
412
412
412
434
434
434
434
434
479
479
479
479
479
571
571
571
571
571
571
623
623
623
623
623
671
671
671
671
671
643
643
643
643
643
643
609
609
609
609
609
563
563
563
563
563
538
538
538
538
538
538
494
494
494
494
494
437
437
437
437
437
416
416
416
416
416
416
384
384
384
384
384
398
398
398
398
398
388
388
388
388
388
388
419
419
419
419
419
403
403
403
403
403
400
400
400
400
400
400
405
405
405
405
405
412
412
412
412
412
392
392
392
392
392
392
380
380
380
380
380
365
365
365
365
365
367
367
367
367
367
367
355
355
355
355
355
349
349
349
349
349
364
364
364
364
364
364
359
359
359
359
359
378
378
378
378
378
378
378
378
378
378
378
390
390
390
390
390
392
392
392
392
392
407
407
407
407
407
407
410
410
410
410
410
434
434
434
434
434
409
409
409
409
409
409
395
395
395
395
395
384
384
384
384
384
378
378
378
378
378
378
382
382
382
382
382
375
375
375
375
375
374
374
374
374
374
374
384
384
384
384
384
401
401
401
401
401
400
400
400
400
400
400
451
451
451
451
451
434
434
434
434
434
477
477
477
477
477
477
517
517
517
517
517
513
513
513
513
513
475
475
475
475
475
475
476
476
476
476
476
424
424
424
424
424
416
416
416
416
416
416
400
400
400
400
400
387
387
387
387
387
392
392
392
392
392
392
386
386
386
386
386
377
377
377
377
377
392
392
392
392
392
392
384
384
384
384
384
401
401
401
401
401
398
398
398
398
398
398
407
407
407
407
407
402
402
402
402
402
400
400
400
400
400
400
414
414
414
414
414
397
397
397
397
397
402
402
402
402
402
402
407
407
407
407
407
412
412
412
412
412
398
398
398
398
398
398
405
405
405
405
405
400
400
400
400
400
419
419
419
419
419
419
404
404
404
404
404
401
401
401
401
401
411
411
411
411
411
411
400
400
400
400
400
408
408
408
408
408
398
398
398
398
398
398
428
428
428
428
428
400
400
400
400
400
409
409
409
409
409
409
387
387
387
387
387
408
408
408
408
408
397
397
397
397
397
397
389
389
389
389
389
403
403
403
403
403
383
383
383
383
383
383
392
392
392
392
392
388
388
388
388
388
414
414
414
414
414
414
424
424
424
424
424
415
415
415
415
415
418
418
418
418
418
418
406
406
406
406
406
407
407
407
407
407
410
410
410
410
410
410
408
408
408
408
408
387
387
387
387
387
381
381
381
381
381
381
371
371
371
371
371
377
377
377
377
377
383
383
383
383
383
383
383
383
383
383
383
399
399
399
399
399
394
394
394
394
394
394
407
407
407
407
407
411
411
411
411
411
410
410
410
410
410
410
448
448
448
448
448
426
426
426
426
426
428
428
428
428
428
428
409
409
409
409
409
373
373
373
373
373
394
394
394
394
394
394
400
400
400
400
400
369
369
369
369
369
383
383
383
383
383
383
388
388
388
388
388
404
404
404
404
404
411
411
411
411
411
411
443
443
443
443
443
436
436
436
436
436
425
425
425
425
425
425
433
433
433
433
433
419
419
419
419
419
415
415
415
415
415
415
417
417
417
417
417
399
399
399
399
399
395
395
395
395
395
395
386
386
386
386
386
384
384
384
384
384
396
396
396
396
396
396
418
418
418
418
418
383
383
383
383
383
403
403
403
403
403
403
406
406
406
406
406
398
398
398
398
398
404
404
404
404
404
404
407
407
407
407
407
399
399
399
399
399
396
396
396
396
396
396
401
401
401
401
401
397
397
397
397
397
390
390
390
390
390
390
417
417
417
417
417
407
407
407
407
407
409
409
409
409
409
409
413
413
413
413
413
406
406
406
406
406
407
407
407
407
407
407
401
401
401
401
401
405
405
405
405
405
400
400
400
400
400
400
402
402
402
402
402
388
388
388
388
388
393
393
393
393
393
393
409
409
409
409
409
405
405
405
405
405
405
405
405
405
405
405
404
404
404
404
404
406
406
406
406
406
406
406
406
406
406
406
409
409
409
409
409
406
406
406
406
406
405
405
405
405
405
405
391
391
391
391
391
393
393
393
393
393
393
393
393
393
393
393
400
400
400
400
400
403
403
403
403
403
401
401
401
401
401
401
391
391
391
391
391
392
392
392
392
392
407
407
407
407
407
407
386
386
386
386
386
395
395
395
395
395
379
379
379
379
379
379
406
406
406
406
406
386
386
386
386
386
403
403
403
403
403
403
430
430
430
430
430
428
428
428
428
428
405
405
405
405
405
405
413
413
413
413
413
396
396
396
396
396
406
406
406
406
406
406
384
384
384
384
384
391
391
391
391
391
394
394
394
394
394
394
387
387
387
387
387
398
398
398
398
398
402
402
402
402
402
402
404
404
404
404
404
415
415
415
415
415
420
420
420
420
420
420
401
401
401
401
401
412
412
412
412
412
393
393
393
393
393
393
417
417
417
417
417
412
412
412
412
412
398
398
398
398
398
398
400
400
400
400
400
393
393
393
393
393
401
401
401
401
401
401
384
384
384
384
384
392
392
392
392
392
398
398
398
398
398
398
407
407
407
407
407
414
414
414
414
414
419
419
419
419
419
419
455
455
455
455
455
430
430
430
430
430
432
432
432
432
432
432
419
419
419
419
419
409
409
409
409
409
391
391
391
391
391
391
380
380
380
380
380
380
380
380
380
380
369
369
369
369
369
369
383
383
383
383
383
400
400
400
400
400
402
402
402
402
402
402
422
422
422
422
422
447
447
447
447
447
468
468
468
468
468
468
459
459
459
459
459
446
446
446
446
446
442
442
442
442
442
442
407
407
407
407
407
391
391
391
391
391
372
372
372
372
372
372
370
370
370
370
370
361
361
361
361
361
373
373
373
373
373
373
382
382
382
382
382
407
407
407
407
407
434
434
434
434
434
434
451
451
451
451
451
469
469
469
469
469
481
481
481
481
481
481
447
447
447
447
447
429
429
429
429
429
404
404
404
404
404
404
394
394
394
394
394
379
379
379
379
379
371
371
371
371
371
371
376
376
376
376
376
380
380
380
380
380
390
390
390
390
390
390
411
411
411
411
411
421
421
421
421
421
429
429
429
429
429
429
436
436
436
436
436
438
438
438
438
438
427
427
427
427
427
427
414
414
414
414
414
406
406
406
406
406
392
392
392
392
392
392
393
393
393
393
393
386
386
386
386
386
384
384
384
384
384
384
399
399
399
399
399
380
380
380
380
380
382
382
382
382
382
382
395
395
395
395
395
383
383
383
383
383
389
389
389
389
389
389
382
382
382
382
382
382
382
382
382
382
371
371
371
371
371
371
381
381
381
381
381
376
376
376
376
376
393
393
393
393
393
393
407
407
407
407
407
428
428
428
428
428
450
450
450
450
450
450
456
456
456
456
456
459
459
459
459
459
451
451
451
451
451
451
424
424
424
424
424
399
399
399
399
399
395
395
395
395
395
395
380
380
380
380
380
385
385
385
385
385
376
376
376
376
376
376
383
383
383
383
383
387
387
387
387
387
399
399
399
399
399
399
404
404
404
404
404
417
417
417
417
417
445
445
445
445
445
445
452
452
452
452
452
456
456
456
456
456
470
470
470
470
470
470
441
441
441
441
441
423
423
423
423
423
398
398
398
398
398
398
395
395
395
395
395
390
390
390
390
390
394
394
394
394
394
394
395
395
395
395
395
394
394
394
394
394
408
408
408
408
408
408
415
415
415
415
415
417
417
417
417
417
410
410
410
410
410
410
402
402
402
402
402
395
395
395
395
395
396
396
396
396
396
396
390
390
390
390
390
387
387
387
387
387
382
382
382
382
382
382
387
387
387
387
387
377
377
377
377
377
378
378
378
378
378
378
383
383
383
383
383
383
383
383
383
383
385
385
385
385
385
385
392
392
392
392
392
404
404
404
404
404
418
418
418
418
418
418
400
400
400
400
400
417
417
417
417
417
415
415
415
415
415
415
399
399
399
399
399
390
390
390
390
390
384
384
384
384
384
384
389
389
389
389
389
388
388
388
388
388
405
405
405
405
405
405
410
410
410
410
410
411
411
411
411
411
423
423
423
423
423
423
445
445
445
445
445
423
423
423
423
423
422
422
422
422
422
422
407
407
407
407
407
407
407
407
407
407
403
403
403
403
403
403
404
404
404
404
404
400
400
400
400
400
406
406
406
406
406
406
402
402
402
402
402
400
400
400
400
400
396
396
396
396
396
396
396
396
396
396
396
381
381
381
381
381
389
389
389
389
389
389
381
381
381
381
381
385
385
385
385
385
380
380
380
380
380
380
383
383
383
383
383
393
393
393
393
393
401
401
401
401
401
401
400
400
400
400
400
404
404
404
404
404
393
393
393
393
393
393
396
396
396
396
396
383
383
383
383
383
396
396
396
396
396
396
388
388
388
388
388
400
400
400
400
400
409
409
409
409
409
409
421
421
421
421
421
433
433
433
433
433
447
447
447
447
447
447
429
429
429
429
429
424
424
424
424
424
405
405
405
405
405
405
397
397
397
397
397
379
379
379
379
379
377
377
377
377
377
377
379
379
379
379
379
371
371
371
371
371
381
381
381
381
381
381
396
396
396
396
396
415
415
415
415
415
405
405
405
405
405
405
410
410
410
410
410
409
409
409
409
409
411
411
411
411
411
411
407
407
407
407
407
400
400
400
400
400
394
394
394
394
394
394
395
395
395
395
395
387
387
387
387
387
389
389
389
389
389
389
401
401
401
401
401
416
416
416
416
416
429
429
429
429
429
429
408
408
408
408
408
424
424
424
424
424
413
413
413
413
413
413
416
416
416
416
416
407
407
407
407
407
404
404
404
404
404
404
405
405
405
405
405
412
412
412
412
412
401
401
401
401
401
401
397
397
397
397
397
410
410
410
410
410
404
404
404
404
404
404
407
407
407
407
407
414
414
414
414
414
411
411
411
411
411
419
419
419
419
419
411
411
411
411
411
415
415
415
415
415
415
397
397
397
397
397
393
393
393
393
393
405
405
405
405
405
405
381
381
381
381
381
391
391
391
391
391
384
384
384
384
384
384
400
400
400
400
400
401
401
401
401
401
396
396
396
396
396
396
413
413
413
413
413
412
412
412
412
412
401
401
401
401
401
401
407
407
407
407
407
393
393
393
393
393
421
421
421
421
421
421
404
404
404
404
404
409
409
409
409
409
416
416
416
416
416
416
430
430
430
430
430
413
413
413
413
413
412
412
412
412
412
412
411
411
411
411
411
411
411
411
411
411
398
398
398
398
398
398
395
395
395
395
395
390
390
390
390
390
400
400
400
400
400
400
381
381
381
381
381
394
394
394
394
394
392
392
392
392
392
392
401
401
401
401
401
394
394
394
394
394
412
412
412
412
412
412
407
407
407
407
407
399
399
399
399
399
410
410
410
410
410
410
419
419
419
419
419
412
412
412
412
412
395
395
395
395
395
395
384
384
384
384
384
413
413
413
413
413
391
391
391
391
391
391
395
395
395
395
395
377
377
377
377
377
399
399
399
399
399
399
393
393
393
393
393
411
411
411
411
411
402
402
402
402
402
402
416
416
416
416
416
398
398
398
398
398
408
408
408
408
408
408
413
413
413
413
413
398
398
398
398
398
404
404
404
404
404
404
385
385
385
385
385
388
388
388
388
388
399
399
399
399
399
399
400
400
400
400
400
410
410
410
410
410
421
421
421
421
421
421
407
407
407
407
407
411
411
411
411
411
397
397
397
397
397
397
405
405
405
405
405
394
394
394
394
394
386
386
386
386
386
386
406
406
406
406
406
409
409
409
409
409
401
401
401
401
401
401
409
409
409
409
409
415
415
415
415
415
413
413
413
413
413
413
416
416
416
416
416
402
402
402
402
402
401
401
401
401
401
401
397
397